 K            mean      mean - 2sd      mean + 2sd
 1         41580.0         41580.0         41580.0
 2   29217.6634841   24990.5649894   33444.7619788
 3   24561.6490619    22745.128085   26378.1700389
 4   21167.0217376   17968.0329335   24366.0105418
 5   18211.2140117   14657.3570833     21765.07094
 6   15935.2056614   12608.3831822   19262.0281405
 7   14441.3823183   11570.2395989   17312.5250377
 8   13103.7675171   10800.2766373    15407.258397
 9   12377.3768077   10948.2028171   13806.5507983
10   11550.5133669   10244.1804033   12856.8463305
11   11035.4297127   9492.93422561   12577.9251997
12   10475.2585195   9124.22512762   11826.2919113
