=== Run information ===

Scheme:weka.classifiers.functions.SMO -C 1.0 -L 0.001 -P 1.0E-12 -N 0 -V -1 -W 1 -K "weka.classifiers.functions.supportVector.PolyKernel -C 250007 -E 2.0"
Relation:     DATASET
Instances:    846
Attributes:   37
              f0
              f1
              f2
              f3
              f4
              f5
              f6
              f7
              f8
              f9
              f10
              f11
              f12
              f13
              f14
              f15
              f16
              f17
              f18
              f19
              f20
              f21
              f22
              f23
              f24
              f25
              f26
              f27
              f28
              f29
              f30
              f31
              f32
              f33
              f34
              f35
              CLASS
Test mode:10-fold cross-validation

=== Classifier model (full training set) ===

SMO

Kernel used:
  Poly Kernel: K(x,y) = <x,y>^2.0

Classifier for classes: car, noncar

BinarySMO

 -       1      * <0.572645 0.304332 0.461447 0.586224 0.583224 0.264379 0.195696 0.26195 0.142857 0.498997 0.113214 0.72782 0.577273 0.287701 0.457041 0.044567 0.166559 0.429723 0.563317 0.371553 0.268341 0.959398 0.21822 0.451207 0.532533 0.408719 0.144715 0.292585 0.09099 0.492347 0.425339 0.048791 0.466612 0.493414 0.499876 0.731388 > * X]
 -       0.069  * <0.647295 0.391335 0.11554 0.447461 0.444371 0.515641 0.525526 0.253326 0.142857 0.304915 0.113214 0.417544 0.535354 0.24837 0.514394 0.509264 0.166559 0.609572 0.38392 0.214389 0.189359 0.139348 0.179873 0.918008 0.637137 0.075522 0.052606 0.519038 0.09099 0.393367 0.404726 0.536702 0.666735 0.868794 0.799901 0.727364 > * X]
 +       0.8456 * <0.500501 0.587003 0.499881 0.384615 0.694481 0.767911 0.32032 0.296886 0.219834 0.5 0.132054 0.610526 0.427778 0.29422 0.485829 0.518778 0.249946 0.555164 0.151256 0.457184 0.210509 0.499248 0.214619 0.387324 0.873373 0.471756 0.105211 0.496493 0.772859 0.610204 0.515334 0.170769 0.533388 0.296859 0.633275 0.411469 > * X]
 -       0.3571 * <0.817635 0.608665 0.88446 0.49824 0.833333 0.559536 0.499499 0.279491 0.087899 0.108325 0.169821 0.497744 0.49798 0.666667 0.142825 0.43315 0.583279 0.963728 0.499497 0.814224 0.46844 0.644612 0.595763 0.46831 0.531031 0.723291 0.19732 0.322645 0.09099 0.481122 0.466566 0.073187 0.299979 0.503546 0.366725 0.561368 > * X]
 -       1      * <0.487475 0.412997 0.499881 0.857215 0.59724 0.330474 0.49049 0.218389 0.098908 0.498997 0.075447 0.411529 0.221717 0.313777 0.428476 0.498748 0.249946 0.427204 0.498492 0.428571 0.289491 0.497243 0.237288 0.501509 0.505506 0.471756 0.157915 0.443387 0.454728 0.492347 0.496732 0.121978 0.333265 0.432118 0.333251 0.5 > * X]
 +       0.2668 * <0.959419 0.347834 0.11554 0.498743 0.388962 0.580222 0.476476 0.161526 0.131848 0.423771 0.113214 0.501253 0.901515 0.176445 0.600089 0.929895 0.083387 0.530479 0.489447 0.17147 0.189359 0.858145 0.128178 0.387827 0.502002 0.113181 0.184218 0.491483 0.318355 0.643878 0.945199 0.024396 0.433326 0.50304 0.499876 0.762575 > * X]
 -       0.156  * <0.81513 0.391335 0.077106 0.461538 0.361148 0.491423 0.5 0.24017 0.131848 0.981946 0.094287 0.344361 0.606061 0.228814 0.542959 0.75363 0.166559 0.471033 0.523618 0.185776 0.205221 0.411028 0.165466 0.657948 0.416917 0.088007 0.065806 0.499499 0.045607 0.490306 0.532931 0.024396 0.700021 0.938197 0.733201 0.504024 > * X]
 -       1      * <0.500501 0.391335 0.192408 0.498743 0.5 0.497477 0.5 0.296886 0.153866 0.589268 0.113214 0.443609 0.645455 0.359626 0.399911 0.765648 0.249946 0.376322 0.51005 0.228696 0.347323 0.502757 0.276907 0.1333 0.501001 0.226361 0.157915 0.92485 0 0.014286 0.042735 0.682858 0.433326 0.367275 0.566576 0.54829 > * X]
 +       1      * <0.736473 0.304332 0.307711 0.499246 0.5 0.643794 0.493493 0.266335 0.219834 0.509529 0.094287 0.508271 0.536364 0.235332 0.542959 0.497246 0.166559 1 0.837688 0.314327 0.215796 0.499248 0.171398 0.542757 0.482482 0.270364 0.171018 0.509519 0.318355 0.459184 0.309201 0.317142 0.400041 0.499493 0.46665 0.513581 > * X]
 -       1      * <0.5 0.325994 0.269276 0.339869 0.40276 0.210394 0.507508 0.183453 0.131848 0.902708 0.094287 0.013033 0.592424 0.117775 0.714349 0.782674 0.083387 0.502267 0.286432 0.228696 0.089392 0.42807 0.081568 0.806338 0.504505 0.220221 0.065806 0.511022 0.045607 0.665816 0.495726 0.024396 0.566674 0.177305 0.633275 0.502012 > * X]
 +       0.1359 * <0.500501 0.456498 0.384579 0.267471 0.583224 0.511604 0.413413 0.139746 0.076976 0.641926 0.150894 0.319298 0.742929 0.281182 0.485829 0.277416 0.166559 0.010076 0.40201 0.442878 0.242069 0.137845 0.209746 0.502515 0.501001 0.327057 0.19732 0.509018 0.045607 0.504592 0.751131 0.146373 0.333265 0.741135 0.53335 0.504024 > * X]
 +       1      * <0.645792 0.260831 0.11554 0.491202 0.152869 0.397578 0.412412 0.047946 0.098908 0.492979 0.056607 0.465163 0.576263 0.04585 0.88574 0.864296 0 0.642317 0.532663 0.085839 0.047257 0.521805 0.027542 0.502012 0.374875 0.113181 0.28943 0.152305 0.591102 0.492347 0.52187 0.121978 0.166632 0.50304 0.099926 0.505533 > * X]
 -       0.5184 * <0.441383 0 0.153974 0.335847 0.180683 0.506559 0.471471 0.030551 0.076976 0.383149 0.075447 0.926316 0.314646 0.091482 0.82861 0.34001 0.083387 0.559698 0.434673 0.142857 0.026272 0.689223 0.051483 0.408954 0.219219 0.23905 0.30263 0.501002 0.045607 0.491837 0.122172 0.365933 0 0.45694 0.099926 0.43662 > * X]
 -       0.7472 * <0.766533 0.065163 0.192408 0.302162 0.25011 0.037336 0.158158 0.091653 0.120926 0.01003 0.056607 0.497744 0.321212 0.137332 0.714349 0.505258 0.083387 0.504282 0.945226 0.128551 0.115664 0.596992 0.089831 0.947183 0.500501 0.226361 0.368437 0.482966 0 0.155612 0.404223 0.512307 0.033285 0.499493 0.099926 0.20674 > * X]
 -       0.5348 * <0.527054 0.673827 0.807592 0.964304 0.708279 0.135217 0.935435 0.458559 0.219834 0.854564 0.169821 0.501754 0.49798 0.69296 0.142825 0.267902 0.583279 0.175315 0.51005 0.742899 0.489425 0.664662 0.615042 0.109658 0.47998 0.547073 0.19732 0.499499 0.181981 0.530612 0.735043 0.512307 0.36655 0.530902 0.499876 0.964286 > * X]
 +       1      * <0.518537 0.217329 0.153974 0.46003 0.305519 0.497982 0.498999 0.039322 0.065967 0.510532 0.075447 0.846617 0.762121 0.065406 0.82861 0.50025 0 0.290176 0.782412 0.157164 0.068407 0.547368 0.040678 0.467807 0.591091 0.163528 0.263127 0.502505 0 0.378061 0.542986 0.170769 0.166632 0.501013 0.133399 0.247988 > * X]
 +       1      * <0.608216 0.304332 0.346145 0.505279 0.277705 0.459637 0.667167 0.052332 0.043949 0.543129 0.075447 0.883208 0.480808 0.24837 0.571524 0.492238 0.166559 0.501259 0.395477 0.328634 0.205221 0.595489 0.167797 0.485915 0.594595 0.389889 0.342134 0.186373 0.09099 0.319898 0.237305 0.341538 0.066571 0.732523 0.033226 0.442656 > * X]
 -       0.056  * <0.601202 0.652166 0.499881 0.205631 0.916557 0.484864 0.111111 0.458559 0.208825 0.82999 0.150894 0.406516 0.579293 0.594959 0.199955 0.260391 0.500108 0.131486 0.355779 0.442878 0.457865 0.546867 0.513136 0.529175 0.444444 0.635284 0.144715 0.509519 0.409121 0.641327 0.683761 0.243956 0.499897 0.590172 0.60005 0.507042 > * X]
 +       0.3974 * <0.507515 0.282671 0.077106 0.877828 0.055629 0.573158 0.282282 0.026166 0.076976 0.605817 0 0.497744 0.638384 0.04585 0.88574 0.789184 0 0.498237 0.00603 0.042919 0.047257 0.404511 0.028602 0.501509 0.521021 0.176218 0.407842 0.512024 0.272748 0.492857 0.357969 0.024396 0.133347 0.527862 0.0667 0.493461 > * X]
 -       1      * <0.381764 0.282671 0.269276 0.508296 0.319536 0.307265 0.351852 0.13536 0.098908 0.523069 0.056607 0.499248 0.504545 0.137332 0.685784 0.492739 0.083387 0.502267 0.572864 0.242795 0.115664 0.059649 0.093432 0.703722 0.835836 0.358576 0.144715 0.521042 0.409121 0.490816 0.570136 0.048791 0.36655 0.044073 0.333251 0.513581 > * X]
 -       1      * <0.165832 0.325994 0.346145 0.48366 0.513798 0.234107 0.092092 0.205233 0.120926 0.529589 0.113214 0.552381 0.501515 0.183181 0.600089 0.532298 0.083387 0.497733 0.48995 0.34294 0.184071 0.154887 0.13072 0.689135 0.503003 0.308228 0.065806 0.510521 0.454728 0.226531 0.503771 0.268351 0.733306 0.510638 0.799901 0.729879 > * X]
 +       1      * <0.236974 0.47816 0.384579 0.457516 0.59724 0.570636 0.48999 0.410466 0.241765 0.447342 0.075447 0.736341 0.391919 0.424815 0.285651 0.187281 0.333333 0.502267 0.50804 0.300021 0.310476 0.488722 0.359746 0.204728 0.488488 0.339542 0.118412 0.081663 0.272748 0.545918 0.798894 0.097582 0.666735 0.216819 0.566576 0.636318 > * X]
 -       1      * <0.547094 0.108665 0.11554 0.5455 0.152869 0.515136 0.418919 0.052332 0.098908 0.55667 0.03768 0.491729 0.510101 0.052369 0.88574 0.010015 0 0.502267 0.423618 0.085839 0.026272 0.273684 0.029873 0.147887 0.74024 0.163528 0.328933 0.498998 0.045607 0.429592 0.92358 0.292747 0.033285 0.50304 0.099926 0.39336 > * X]
 -       1      * <0.501503 0.5 0.846026 0.64907 0.805519 0.497477 0.600601 0.24894 0.076976 0.497994 0.150894 0.899749 0.556566 0.673403 0.142825 0.967451 0.583279 0.526952 0.860302 0.814224 0.505122 0.519799 0.598305 0.806338 0.501001 0.704257 0.223722 0.527054 0.136374 0.608673 0.802413 0.146373 0.299979 0.702634 0.39995 0.413984 > * X]
 +       1      * <0.492986 0.217329 0.153974 0.496732 0.125055 0.256307 0.5 0.034936 0.087899 0.695587 0.056607 0.472682 0.360101 0.065406 0.82861 0.49975 0 0.548615 0.490452 0.142857 0.073695 0.485213 0.041949 0.400402 0.84985 0.232706 0.342134 0.6999 0.363738 0.431633 0.475616 0.390329 0.133347 0.50304 0.099926 0.505533 > * X]
 +       0.3026 * <0.902305 0.608665 0.88446 0.277024 0.888743 0.879415 0.54004 0.353749 0.065967 0.475426 0.075447 0.509774 0.554545 0.947849 0 0.576865 0.916613 0.474055 0.41809 0.714286 0.763054 0.979449 0.925636 0.417505 0.500501 0.76095 0.315732 0.773547 0.227364 0.866837 0.487682 0.634067 0.133347 0.258865 0.099926 0.546781 > * X]
 -       0.2723 * <0.501002 0.347834 0.653855 0.546003 0.59724 0.882442 0.577578 0.397457 0.197816 0.45988 0.075447 0.937343 0.493939 0.431551 0.314216 0.729094 0.333333 0.50529 0.48593 0.542816 0.405155 0.599499 0.356144 0.915493 0.584084 0.635284 0.157915 0.647796 0.045607 0.492347 0.500251 0.146373 0.433326 0.50304 0.433424 0.552817 > * X]
 -       0.2433 * <0.503006 0.282671 0.11554 0.512318 0.513798 0.678103 0.473974 0.266335 0.142857 0.478435 0.094287 0.529323 0.032828 0.24837 0.542959 0.50025 0.166559 0.495718 0.442211 0.142857 0.231494 0.705263 0.176271 0.527666 0.759259 0.138354 0.092109 0.738978 0 0.458163 0.497235 0.78044 0.666735 0.801418 0.733201 0.329477 > * X]
 -       0.1872 * <0.898798 0.543502 0.846026 0.599799 0.847131 0.618063 0.737237 0.502266 0.241765 0.497492 0.169821 0.369424 0.970707 0.738592 0.11426 0.545318 0.666667 0.172292 0.338693 0.857143 0.53156 0.499248 0.676271 0.495473 0.732232 0.672943 0.19732 0.497495 0.272748 0.764286 0.295123 0.341538 0.36655 0.52381 0.46665 0.502515 > * X]
 -       1      * <0.500501 0.282671 0.307711 0.59628 0.333333 0.498486 0.383383 0.192077 0.153866 0.503009 0.056607 0.700251 0.621212 0.24837 0.542959 0.042063 0.166559 0.643829 0.487437 0.285714 0.184071 0.490226 0.178602 0.703722 0.500501 0.402579 0.276327 0.622244 0.227364 0.558673 0.399196 0.195164 0.199918 0.494934 0.133399 0.821932 > * X]
 -       1      * <0.383768 0.260831 0.269276 0.229764 0.361148 0.385974 0.507007 0.074258 0.054958 0.498997 0.03768 0.937845 0.5 0.261408 0.514394 0.512769 0.166559 0.631738 0.50201 0.214389 0.210509 0.600501 0.187076 0.900402 0.503504 0.339542 0.368437 0.561122 0.591102 0.277041 0.427853 0.073187 0.133347 0.503546 0.0667 0.511569 > * X]
 +       0.2997 * <0.402305 0.217329 0.346145 0.522373 0.361148 0.504036 0.508509 0.227014 0.219834 0.777332 0.094287 0.939348 0.988384 0.24837 0.542959 0.480721 0.166559 0.593451 0.405025 0.371553 0.231494 0.499248 0.178602 0.474849 0.596597 0.314572 0.250025 0.351202 0.181981 0.4 0.636501 0.048791 0.199918 0.741135 0.233325 0.077968 > * X]
 -       1      * <0.451904 0.260831 0.269276 0.012066 0.444371 0.497477 0.303303 0.152755 0.131848 0.535105 0.056607 0.035589 0.227778 0.130813 0.685784 0.356535 0.083387 0.747607 0.498492 0.242795 0.152512 0.526316 0.091102 0.922535 0.531532 0.25788 0.118412 0.592685 0.136374 0.730612 0.499246 0.21956 0.499897 0.504053 0.46665 0.679074 > * X]
 +       0.9152 * <0.512024 0.347834 0.423013 0.404223 0.5 0.599899 0.140641 0.091653 0.076976 0.498997 0.150894 0.498747 0.468687 0.287701 0.514394 0.841763 0.249946 0.828715 0.716583 0.471491 0.173662 0.604511 0.201271 0.501509 0.597598 0.421408 0.223722 0.574148 0.545495 0.554592 0.435897 0.292747 0.266694 0.869301 0.39995 0.35664 > * X]
 +       0.5856 * <0.504008 0.282671 0.384579 0.024133 0.388962 0.581736 0.692693 0.209618 0.164875 0.47342 0.094287 0.138847 0.483838 0.24837 0.514394 0.525288 0.166559 0.343073 0.079899 0.34294 0.257766 0.492231 0.183475 0.899899 0.499499 0.345886 0.210521 0.495491 0.181981 0.443878 0.540473 0.21956 0.400041 0.502533 0.366725 0.449195 > * X]
 +       0.7158 * <0.473447 0.325994 0.230842 0.036199 0.416776 0.496468 0.707708 0.270721 0.208825 0.612839 0.094287 0.734837 0.644949 0.235332 0.514394 0.504256 0.166559 0.37733 0.501005 0.228696 0.194646 0.854637 0.177331 0.508551 0.478478 0.213876 0.131613 0.917335 0.227364 0.486735 0.723982 0.317142 0.566674 0.50304 0.666749 0.423541 > * X]
 -       0.047  * <0.495992 0.456498 0.499881 0.498743 0.513798 0.261352 0.74975 0.283877 0.142857 0.498997 0.113214 0.438596 0.49798 0.300739 0.457041 0.539309 0.249946 0.502267 0.470352 0.428571 0.268341 0.501754 0.226483 0.461268 0.547548 0.452722 0.105211 0.4499 0.545495 0.607143 0.502262 0.048791 0.566674 0.699595 0.60005 0.849598 > * X]
 -       0.8615 * <0.716934 0.673827 0.807592 0.541981 0.833333 0.482341 0.741241 0.358135 0.153866 0.771815 0.150894 0.494737 0.626768 0.679922 0.142825 0.556335 0.583279 0.510327 0.434673 0.785611 0.5 0.499248 0.601907 0.631288 0.391391 0.698117 0.19732 0.548597 0.227364 0.507653 0.949221 0.268351 0.299979 0.493414 0.46665 0.501006 > * X]
 +       0.7381 * <0.523547 0.369495 0.346145 0.451986 0.319536 0.522704 0.393894 0.174682 0.131848 0.117352 0.094287 0.36391 0.505051 0.124294 0.685784 0.703555 0.083387 0.501763 0.423116 0.34294 0.126239 0.451128 0.089831 0.407948 0.457457 0.333402 0.078908 0.166333 0.681869 0.953571 0.53645 0.073187 0.700021 0.426545 0.766675 0.497485 > * X]
 +       0.1457 * <0.498998 0.260831 0.384579 0.457516 0.333333 0.479818 0.637137 0.104809 0.098908 0.404213 0.113214 0.385965 0.489394 0.24837 0.571524 0.462694 0.166559 0.007557 0.509045 0.371553 0.199934 0.502256 0.167797 0.501509 0.382883 0.402579 0.30263 0.001503 0.409121 0.543878 0.594268 0.341538 0.133347 0.508105 0.099926 0.501006 > * X]
 -       1      * <0.462926 0.412997 0.192408 0.482152 0.430574 0.487891 0.450951 0.305657 0.208825 0.671013 0.094287 0.506266 0.508586 0.274663 0.485829 0.456184 0.166559 0.502771 0.505025 0.214389 0.268341 0.499749 0.204873 0.502012 0.532533 0.13201 0.144715 0.138277 0.181981 0.492347 0.204123 0.585276 0.433326 0.508105 0.46665 0.411469 > * X]
 +       1      * <0.511022 0.282671 0.192408 0.504776 0.5 0.461655 0.028028 0.170297 0.131848 0.503511 0.113214 0.435088 0.465657 0.196219 0.600089 0.317977 0.083387 0.501763 0.150251 0.185776 0.194646 0.215038 0.140254 0.309356 0.326827 0.182358 0.157915 0.475451 0.227364 0.512755 0.500251 0.243956 0.433326 0.109929 0.499876 0.529678 > * X]
 +       1      * <0.502505 0.325994 0.384579 0.535445 0.611038 0.064077 0.077077 0.139746 0.087899 0.559178 0.169821 0.175439 0.229293 0.274663 0.514394 0.71307 0.166559 0.580856 0.498492 0.457184 0.231494 0.499248 0.198941 0.503018 0.863363 0.345886 0.184218 0.212926 0.272748 0.454082 0.432378 0.048791 0.299979 0.504053 0.499876 0.503018 > * X]
 +       0.4213 * <0.500501 0.587003 0.653855 0.730015 0.805519 0.28002 0.408408 0.436632 0.175884 0.691073 0.075447 0.557895 0.458586 0.69296 0.11426 0.466199 0.583279 0.413602 0.390452 0.542816 0.536847 0.513784 0.641525 0.407445 0.504004 0.654114 0.236824 0.570641 0.363738 0.162245 0.224736 0.170769 0.433326 0.088652 0.266551 0.501509 > * X]
 -       1      * <0.822645 0.217329 0.153974 0.491202 0.194481 0.524723 0.479479 0.117819 0.153866 0.141926 0.03768 0.488722 0.757071 0.150369 0.685784 0.618428 0.083387 0.507809 0.501005 0.128551 0.115664 0.306266 0.104237 0.602113 0.395395 0.201187 0.342134 0.514028 0.136374 0.567857 0.318753 0.146373 0.133347 0.715299 0.0667 0.502012 > * X]
 -       0.0766 * <0.739479 0.282671 0.230842 0.40724 0.611038 0.440969 0.511011 0.196463 0.109917 0.363089 0.113214 0.537343 0.303535 0.287701 0.485829 0.507762 0.249946 0.85995 0.210553 0.214389 0.289491 0.39198 0.208475 0.519618 0.03003 0.301883 0.19732 0.592685 0 0.143878 0.497738 0.561098 0.233409 0.469605 0.300025 0.741952 > * X]
 +       1      * <0.774048 0.412997 0.153974 0.505279 0.486202 0.455096 0.499499 0.379915 0.263783 0.477934 0.075447 0.46015 0.75 0.320296 0.399911 0.528793 0.249946 0.3733 0.60603 0.142857 0.263054 0.573434 0.250636 0.419014 0.467968 0.163528 0.131613 0.546593 0.045607 0.492857 0.509301 0.341538 0.633244 0.762411 0.699975 0.564386 > * X]
 +       0.0557 * <0.895291 0.195668 0.384579 0.182504 0.458388 0.958123 0.907908 0.218389 0.197816 0.46991 0.094287 0.461153 0.497475 0.254889 0.514394 0.358538 0.166559 0.449874 0.490452 0.357247 0.252644 0.482206 0.188136 0.403924 0.355355 0.320712 0.223722 0.487976 0.227364 0.967857 0.085973 0.268351 0.299979 0.042047 0.266551 0.516097 > * X]
 -       0.7225 * <0.485471 0.195668 0.153974 0.498743 0.263907 0.518668 0.545546 0.130975 0.175884 0.149448 0.094287 0.567419 0.588384 0.150369 0.714349 0.615924 0.083387 0.486146 0.248744 0.142857 0.110542 0.536341 0.095763 0.472334 0.546547 0.213876 0.30263 0.496493 0.500112 0.491327 0.991453 0.585276 0.100062 0.645897 0.133399 0.49497 > * X]
 -       0.9463 * <0.673848 0.543502 0.230842 0.511312 0.569426 0.497982 0.634134 0.379915 0.186807 0.498997 0.132054 0.506767 0.800505 0.353107 0.399911 0.051077 0.249946 0.139547 0.504523 0.285714 0.284204 0.560401 0.276907 0.492958 0.324324 0.138354 0.039503 0.554609 0.363738 0.370918 0.50176 0.463516 0.700021 0.453901 0.799901 0.509054 > * X]
 -       0.8609 * <0.264529 0.239169 0.192408 0.457516 0.277705 0.812815 0.681181 0.104809 0.098908 0.71013 0.056607 0.485714 0.353535 0.130813 0.685784 0.663495 0.083387 0.495214 0.776884 0.17147 0.094679 0.506266 0.092161 0.662475 0.334835 0.201187 0.210521 0.477956 0.363738 0.633673 0.783811 0.097582 0.299979 0.049645 0.233325 0.992958 > * X]
 +       1      * <0.528056 0.587003 0.576987 0.59276 0.763907 0.536831 0.47998 0.458559 0.230756 0.559679 0.094287 0.306266 0.069697 0.568666 0.17139 0.271908 0.500108 0.705793 0.326131 0.457184 0.452578 0.515789 0.504661 0.482394 0.454955 0.572247 0.184218 0.333166 0.318355 0.427041 0.482655 0.268351 0.533388 0.274569 0.433424 0.498994 > * X]
 -       1      * <0.722445 0.260831 0.269276 0.723982 0.361148 0.416751 0.5 0.139746 0.120926 0.376128 0.075447 0.581955 0.49697 0.196219 0.628654 0.500751 0.166559 0.46398 0.528141 0.271408 0.178949 0.465163 0.133051 0.977867 0.72973 0.345886 0.236824 0.508517 0.09099 0.316327 0.572147 0.536702 0.199918 0.591185 0.166625 0.513581 > * X]
 +       1      * <0.507515 0.152166 0.384579 0.785319 0.388962 0.69223 0.546046 0.082883 0.065967 0.521063 0.094287 0.486717 0.455051 0.24837 0.571524 0.515273 0.166559 0.503778 0.99799 0.414265 0.205221 0.543358 0.171398 0.512575 0.577077 0.421408 0.28943 0.5 0.318355 0.363265 0.494218 0.341538 0.100062 0.711246 0.099926 0.999497 > * X]
 -       1      * <0.500501 0.239169 0.192408 0.498743 0.361148 0.550959 0.740741 0.148516 0.164875 0.335005 0.075447 0.374436 0.342424 0.091482 0.800045 0.504256 0.083387 0.691184 0.498492 0.200083 0.073695 0.178947 0.057415 0.501509 0.389389 0.188702 0.144715 0.193387 0.181981 0.932653 0.66365 0.170769 0.299979 0.172239 0.300025 0.508551 > * X]
 -       1      * <0.566633 0.347834 0.077106 0.478632 0.166667 0.460141 0.502503 0.074258 0.109917 0.493982 0.03768 0.806015 0.425253 0.065406 0.82861 0.500751 0 0.583375 0.702513 0.100145 0.047257 0.809524 0.043008 0.499497 0.45045 0.119525 0.30263 0.653307 0.227364 0.448469 0.180995 0.317142 0.166632 0.747214 0.099926 0.105131 > * X]
 -       0.4762 * <0.502004 0.695668 0.807592 0.508798 0.777705 0.741171 0.507007 0.353749 0.109917 0.498997 0.150894 0.485714 0.157071 0.699478 0.11426 0.227341 0.666667 0.503275 0.292462 0.742899 0.53156 0.516792 0.625847 0.745473 0.237738 0.679288 0.210521 0.514028 0.227364 0.606633 0.52539 0.292747 0.36655 0.101317 0.46665 0.512072 > * X]
 +       1      * <0.952405 0.5 0.615421 0.482152 0.805519 0.610494 0.54004 0.36252 0.131848 0.468907 0.075447 0.222556 0.919697 0.660148 0.142825 0.482223 0.583279 0.146096 0.498492 0.485797 0.515697 0.95188 0.594703 0.211771 0.381381 0.635284 0.236824 0.501503 0.363738 0.79949 0.500251 0.682858 0.400041 0.578521 0.266551 0.603119 > * X]
 +       0.5288 * <0.395291 0.347834 0.269276 0.529915 0.277705 0.460646 0.494995 0.117819 0.098908 0.458375 0.075447 0.512281 0.318687 0.039331 0.857175 0.517276 0 0.870025 0.266834 0.271408 0.068407 0.499248 0.029873 0.82495 0.274274 0.276709 0.078908 0.544589 0.454728 0.382653 0.616893 0.195164 0.566674 0.762411 0.60005 0.504527 > * X]
 +       1      * <0.412325 0.347834 0.346145 0.53645 0.680464 0.57114 0.50951 0.187838 0.153866 0.55015 0.169821 0.494737 0.484848 0.254889 0.514394 0.453681 0.166559 0.143073 0.507538 0.385652 0.210509 0.493734 0.184534 0.494467 0.500501 0.339542 0.171018 0.106713 0.500112 0.428061 0.500251 0.561098 0.36655 0.569909 0.60005 0.474849 > * X]
 +       1      * <0.528056 0.47816 0.346145 0.494218 0.625055 0.484359 0.558058 0.305657 0.208825 0.468907 0.132054 0.447118 0.730808 0.268144 0.514394 0.170255 0.166559 0.496725 0.488945 0.371553 0.199934 0.498747 0.195339 0.501509 0.514014 0.25788 0.078908 0.539078 0.500112 0.367347 0.501257 0.121978 0.666735 0.381459 0.766675 0.440644 > * X]
 +       0.4409 * <0.500501 0.456498 0.615421 0.498743 0.65265 0.435923 0.500501 0.24017 0.186807 0.842026 0.150894 0.497243 0.198485 0.29422 0.485829 0.096144 0.249946 0.473048 0.536683 0.571429 0.257766 0.501253 0.214619 0.427565 0.604104 0.591077 0.210521 0.111222 0.181981 0.508673 0.505279 0 0.233409 0.528369 0.433424 0.633803 > * X]
 -       0.4584 * <0.672846 0.47816 0.576987 0.260432 0.888743 0.482846 0.648148 0.480339 0.219834 0.491474 0.132054 0.493233 0.430808 0.607997 0.17139 0.224337 0.500108 0.270529 0.468844 0.471491 0.51041 0.906767 0.532203 0.501509 0.322823 0.584937 0.19732 0.342184 0.227364 0.377041 0.735546 0.21956 0.333265 0.50304 0.39995 0.142354 > * X]
 +       0.2404 * <0.414329 0.456498 0.077106 0.504776 0.361148 0.488396 0.880881 0.187838 0.164875 0.503009 0.132054 0 0.99697 0.124294 0.685784 0.448673 0.083387 0.501259 0.51407 0.128551 0.152512 0.661654 0.088559 0.5 0.500501 0.037863 0.092109 0.461924 0.363738 0.004082 0.457014 0.170769 0.666735 0.489868 0.666749 0.648893 > * X]
 -       1      * <0.670842 0.325994 0.423013 0.477124 0.513798 0.841574 0.763764 0.275106 0.131848 0.508526 0.075447 0.980952 0.75303 0.254889 0.514394 0.499249 0.166559 0.487657 0.505528 0.385652 0.236781 0.484712 0.190678 0.501006 0.486987 0.427753 0.065806 0.502004 0.409121 0.386224 0.292609 0.292747 0.866653 0.524316 0.900074 0.07998 > * X]
 -       0.7416 * <0.699399 0.391335 0.461447 0.203117 0.541612 0.503532 0.501502 0.314428 0.131848 0.518054 0.132054 0.498747 0.486869 0.333333 0.399911 0.542313 0.249946 0.502771 0.11407 0.428571 0.284204 0.741353 0.263771 0.649396 0.496496 0.440237 0.039503 0.511523 0 0.261224 0.491704 0.243956 0.766591 0.488855 0.900074 0.502012 > * X]
 +       0.0431 * <0.28006 0.739169 0.846026 0.521368 0.874945 0.334511 0.51001 0.275106 0.022018 0.525075 0.094287 0.499248 0.242929 0.915037 0.028565 0.50025 0.916613 0.502267 0.512563 0.771304 0.731494 0.353383 0.863347 0.073944 0.396396 0.817642 0.315732 0.351703 0.227364 0.509694 0.182001 0.731649 0.100062 0.027356 0.166625 0.502012 > * X]
 -       0.5878 * <0.794088 0.587003 0.423013 0.508798 0.736093 0.58224 0.464464 0.388686 0.164875 0.491976 0.113214 0.445614 0.480303 0.483703 0.257085 0.675013 0.416721 0.002015 0.995477 0.414265 0.378883 0.498747 0.404025 0.490946 0.864865 0.264224 0.092109 0.987475 0 0.492857 0.443942 0.048791 0.566674 0.533435 0.566576 0.501509 > * X]
 +       1      * <0.504509 0.325994 0.153974 0.460533 0.152869 0.4778 0.469469 0.004385 0.054958 0.378636 0.056607 0.464662 0.518687 0.04585 0.88574 0.439659 0 0.667003 0.440704 0.142857 0.026272 0.021554 0.027542 0.003521 0.517017 0.100696 0.355236 0.58517 0.363738 0.405102 0.164404 0.390329 0.100062 0.926545 0.0667 0.502012 > * X]
 +       0.7987 * <0.57014 0.282671 0.230842 0.475616 0.25011 0.497982 0.490991 0.091653 0.087899 0.502508 0.056607 0.802005 0.566667 0.032812 0.88574 0.50025 0 0.926952 0.925628 0.228696 0.052545 0.493734 0.023941 0.208249 0.785285 0.245395 0.131613 0.557114 0.318355 0.766327 0.698844 0.146373 0.466612 0.587133 0.433424 0.502012 > * X]
 -       1      * <0.443387 0.325994 0.192408 0.573655 0.25011 0.495964 0.5 0.144131 0.142857 0.511535 0.056607 0.784461 0.579293 0.235332 0.571524 0.497246 0.166559 0.508816 0.498492 0.185776 0.173662 0.479699 0.161864 0.868209 0.498999 0.301883 0.355236 0.48998 0.545495 0.492347 0.500754 0 0.133347 0.501013 0.0667 0.182596 > * X]
 -       1      * <0.323647 0.282671 0.307711 0.510809 0.361148 0.662967 0.5 0.109195 0.087899 0.59679 0.094287 0.524311 0.49798 0.150369 0.685784 0.496745 0.083387 0.583375 0.758794 0.257101 0.126239 0.477193 0.098305 0.647384 0.501001 0.352231 0.19732 0.43988 0.136374 0.488776 0.493213 0.097582 0.133347 0.494934 0.200099 0.787726 > * X]
 -       1      * <0.52505 0.239169 0.423013 0.263952 0.513798 0.518163 0.5 0.200848 0.131848 0.951856 0.056607 0.499248 0.624747 0.261408 0.514394 0.677516 0.166559 0.977834 0.245729 0.357247 0.236781 0.307268 0.191737 0.705231 0.503003 0.427753 0.236824 0.627255 0.363738 0.462755 0.472097 0.048791 0.233409 0.401722 0.200099 0.885815 > * X]
 -       0.2125 * <0.275551 0.260831 0 0.267974 0.138852 0.497982 0.646146 0 0.065967 0.620863 0.03768 0.498747 0.451515 0.019774 0.94287 0.669004 0 0.692191 0.411558 0 0.03156 0.454135 0.010805 0.404427 0.450951 0.113181 0.315732 0.9499 0.045607 0.470408 0.498743 0.731649 0.100062 0.509625 0.133399 0.08501 > * X]
 +       0.2618 * <0.490982 0.260831 0.461447 0.489191 0.583224 0.516145 0.984484 0.12659 0.098908 0.001505 0.169821 0.813534 0.123737 0.307258 0.485829 0.763145 0.249946 0.843829 0.492462 0.542816 0.210509 0.47218 0.213347 0.504527 0.500501 0.402579 0.223722 0.499499 0.454728 0.493878 0.547009 0.512307 0.233409 0.558257 0.39995 0.169517 > * X]
 -       1      * <0.387776 0.347834 0.11554 0.614379 0.444371 0.590313 0.494494 0.161526 0.098908 0.716148 0.094287 0.419048 0.618687 0.169926 0.628654 0.399099 0.083387 0.469018 0.422613 0.114244 0.173662 0.504762 0.122246 0.270121 0.500501 0.13201 0.171018 0.459419 0.045607 0.492347 0.463047 0.024396 0.36655 0.484296 0.366725 0.65996 > * X]
 -       1      * <0.711423 0.325994 0.423013 0.842634 0.430574 0.281534 0.493994 0.179067 0.098908 0.579238 0.113214 0.550877 0.463131 0.196219 0.628654 0.509264 0.166559 0.477582 0.514573 0.357247 0.152512 0.227068 0.134322 0.512072 0.732733 0.408719 0.118412 0.503507 0.318355 0.383673 0.606838 0.43912 0.400041 0.58156 0.53335 0.327465 > * X]
 +       0.2143 * <0.346192 0.521661 0.153974 0.848668 0.416776 0.492936 0.488488 0.301272 0.208825 0.451856 0.094287 0.493734 0.471717 0.254889 0.485829 0.042063 0.166559 0.352645 0.542211 0.157164 0.194646 0.619048 0.19428 0.498994 0.5 0.063037 0.078908 0.16984 0 0.490816 0.322272 0.390329 0.833368 0.510638 0.900074 0.428068 > * X]
 -       0.9797 * <0.291583 0.5 0.307711 0.408245 0.40276 0.490918 0.760761 0.214004 0.098908 0.49348 0.094287 0.295238 0.143434 0.1897 0.600089 0.369054 0.083387 0.435264 0.422613 0.328634 0.168374 0.381454 0.135381 0.447686 0.042543 0.377405 0.026303 0.058116 0.500112 0.510714 0.535948 0.195164 0.866653 0.663627 0.9333 0.089537 > * X]
 -       0.8855 * <0.042084 0.108665 0.192408 0.499246 0.319536 0.479314 0.42042 0.047946 0.043949 0.503511 0.075447 0.558897 0.067677 0.196219 0.600089 0.495744 0.166559 0.066499 0.087437 0.17147 0.168374 0.568922 0.137924 0.499497 0.491491 0.232706 0.236824 0.498998 0.09099 0.220918 0.553544 0.097582 0.166632 0.712766 0.133399 0.501509 > * X]
 +       1      * <0.482966 0.282671 0.192408 0.489191 0.25011 0.539859 0.396897 0.065488 0.098908 0.494985 0.03768 0.512281 0.974747 0.039331 0.88574 0.477717 0 0.524433 0.486935 0.157164 0.052545 0.109273 0.028602 0.557344 0.61962 0.270364 0.250025 0.509519 0.409121 0.490816 0.425339 0.048791 0.266694 0.412867 0.166625 0.539235 > * X]
 -       0.155  * <0.140782 0.587003 0.461447 0.183007 0.833333 0.427851 0.491491 0.458559 0.197816 0.656469 0.113214 0.293734 0.483838 0.581704 0.17139 0.502253 0.500108 0.60806 0.493467 0.414265 0.53156 0.662657 0.511864 0.711268 0.402402 0.50307 0.171018 0.482465 0.227364 0.492857 0.500251 0.121978 0.433326 0.610436 0.46665 0.238934 > * X]
 +       0.7429 * <0.000501 0.456498 0.461447 0.500251 0.680464 0.497477 0.725225 0.475954 0.263783 0.423771 0.056607 0.431078 0.061616 0.483703 0.257085 0.674512 0.416721 0.594458 0.181407 0.385652 0.389458 0.437594 0.418432 0.693159 0.151652 0.459067 0.157915 0.082164 0.181981 0.509694 0.501257 0.317142 0.633244 0.691489 0.566576 0.502012 > * X]
 +       0.1098 * <0.29008 0.434837 0.461447 0.489191 0.59724 0.495964 0.633133 0.165911 0.098908 0.501505 0.150894 0.500752 0.677778 0.29422 0.485829 0.50025 0.249946 0.397985 0.465327 0.528509 0.263054 0.796491 0.215678 0.490443 0.625125 0.49693 0.210521 0.354709 0.045607 0.561735 0.49824 0.512307 0.266694 0.76849 0.53335 0.509557 > * X]
 +       0.3311 * <0.504008 0.282671 0.461447 0.850176 0.430574 0.314329 0.5 0.288262 0.252774 0.535105 0.075447 0.514286 0.460101 0.222295 0.542959 0.494241 0.166559 0.508312 0.415578 0.399959 0.220919 0.499248 0.164195 0.383803 0.459459 0.50307 0.157915 0.495992 0.454728 0.236735 0.444947 0.195164 0.36655 0.504053 0.333251 0.507042 > * X]
 -       1      * <0.205411 0.369495 0.038671 0.568125 0.361148 0.513623 0.302302 0.235784 0.131848 0.481444 0.094287 0.56391 0.386869 0.183181 0.600089 0.689534 0.083387 0.497229 0.38392 0.085839 0.184071 0.488722 0.136653 0.503521 0.695696 0.050348 0.026303 0.500501 0.045607 0.542347 0.495224 0.073187 0.833368 0.781155 0.866601 0.287223 > * X]
 -       0.6065 * <0.501002 0.282671 0.307711 0.289593 0.361148 0.603935 0.99049 0.12659 0.098908 0.510532 0.075447 0.934336 0.094949 0.156888 0.657219 0.778167 0.083387 0.009068 0.428141 0.257101 0.131527 0.445113 0.107839 0.622736 0.576076 0.333402 0.19732 0.827154 0.227364 0.594388 0.988939 0.341538 0.233409 0.502026 0.266551 0.370221 > * X]
 +       0.0346 * <0.240481 0.412997 0.269276 0.95827 0.583224 0.496468 0.5 0.257711 0.175884 0.049649 0.132054 0.498747 0.525758 0.222295 0.542959 0.447171 0.166559 0.412091 0.480905 0.314327 0.184071 0.341353 0.161864 0.215292 0.521522 0.176218 0.065806 0.501503 0.409121 0.333163 0.487179 0 0.766591 0.507092 0.833375 0.65996 > * X]
 +       0.0994 * <0.582665 0.5 0.499881 0.498743 0.472186 0.293643 0.516016 0.428008 0.296723 0.498997 0.056607 0.258647 0.70303 0.333333 0.371346 0.171257 0.249946 0.502267 0.432663 0.442878 0.289491 0.328321 0.268432 0.399899 0.562563 0.515759 0.144715 0.5 0.318355 0.292347 0.588738 0.195164 0.666735 0.363222 0.633275 1 > * X]
 +       1      * <0.364228 0.347834 0.307711 0.271996 0.486202 0.497982 0.520521 0.253326 0.208825 0.495486 0.056607 0.492231 0.50303 0.268144 0.485829 0.504757 0.166559 0.440806 0.556281 0.257101 0.236781 0.493233 0.201271 0.501509 0.381882 0.283054 0.171018 0.513527 0.09099 0.506122 0.60734 0 0.400041 0.531408 0.46665 0.309356 > * X]
 +       0.5457 * <0.522044 0.521661 0.461447 0.742584 0.708279 0.404642 0.335836 0.24894 0.175884 0.484955 0.150894 0.877694 0.293434 0.254889 0.542959 0.498247 0.166559 0.596977 0.498492 0.428571 0.189359 0.522807 0.179873 0.927062 0.013514 0.389889 0.078908 0.901804 0.818243 0.490816 0.473102 0.487911 0.700021 0.848531 0.799901 0.502012 > * X]
 -       0.6214 * <0.500501 0.652166 0.846026 0.278029 0.833333 0.749243 0.26977 0.393071 0.164875 0.38014 0.169821 0.435589 0.423232 0.653629 0.142825 0 0.583279 0.582368 0.989447 0.814224 0.457865 0.499248 0.577966 0.523139 0.500501 0.691772 0.184218 0.337174 0.454728 0.494898 0.53645 0.341538 0.36655 0.505066 0.433424 0.491952 > * X]
 -       0.4157 * <0.53006 0.608665 0.615421 0.492207 0.874945 0.497982 0.024024 0.471568 0.219834 0.557673 0.150894 0.493233 0.44899 0.581704 0.199955 0.554331 0.500108 0.885642 0.391457 0.542816 0.44729 0.730326 0.5 0.484909 0.466466 0.408719 0.131613 0.457415 0.181981 0.536735 0.643037 0.268351 0.433326 0.440729 0.499876 0.502012 > * X]
 -       0.5946 * <0.647796 0.369495 0.038671 0.488688 0.361148 0.49445 0.502002 0.139746 0.087899 0.505517 0.075447 0.479198 0.535354 0.071925 0.800045 0.277416 0 0.393451 0.163317 0 0.094679 0.425063 0.047881 0.383803 0.526527 0.056693 0.078908 0.005511 0.227364 0.126531 0.509301 0.634067 0.666735 0.296859 0.699975 0.489437 > * X]
 -       0.1373 * <0.48497 0.173827 0.192408 0.470085 0.180683 0.625631 0.613614 0.082883 0.120926 0.499498 0.075447 0.939348 0.521717 0.14385 0.714349 0.628443 0.083387 0.459446 0.611558 0.142857 0.089392 0.493233 0.089831 0.501006 0.514014 0.245395 0.315732 0.451403 0.454728 0.492347 0.680241 0.146373 0.033285 0.507599 0.099926 0.502012 > * X]
 -       0.2378 * <0.430361 0.543502 0.653855 0.950729 0.694481 0.581736 0.614615 0.384301 0.175884 0.429288 0.132054 0.500251 0.283333 0.424815 0.314216 0.749124 0.333333 0.635264 0.829146 0.528509 0.342036 0.698246 0.345339 0.636821 0.946446 0.553418 0.078908 0.175852 0.454728 0.280612 0.667672 0.024396 0.566674 0.559777 0.666749 0.513581 > * X]
 +       0.8408 * <0.481964 0.391335 0.307711 0.484163 0.611038 0.291625 0.498999 0.161526 0.109917 0.372116 0.132054 0.686717 0.495455 0.241851 0.542959 0.198798 0.166559 0.448363 0.49799 0.357247 0.210509 0.503258 0.175 0.592052 0.518018 0.308228 0.171018 0.63477 0.409121 0.569898 0.008547 0.341538 0.433326 0.374367 0.60005 0.189638 > * X]
 -       0.341  * <0.488477 0.521661 0.846026 0.783308 0.888743 0.496468 0.561061 0.502266 0.263783 0.495486 0.132054 0.523308 0.258586 0.64711 0.17139 0.132699 0.583279 0.506801 0.003015 0.757205 0.484137 0.514787 0.56822 0.5 0.551552 0.716946 0.19732 0.028557 0.045607 0.468878 0.500251 0.585276 0.333265 0.288247 0.499876 0.796278 > * X]
 -       0.3737 * <0.567134 0.608665 0.692289 0.423831 0.90276 0.567104 0.515015 0.471568 0.230756 0.442327 0.150894 0.243609 0.5 0.634072 0.17139 0.512268 0.583279 0.506801 0.498492 0.628654 0.484137 0.529825 0.562288 0.484909 0.271271 0.723291 0.184218 0.237475 0.227364 0.490816 0.534439 0.561098 0.333265 0.415907 0.46665 0.501509 > * X]
 +       0.0978 * <0.935872 0.260831 0.384579 0.559578 0.361148 0.416751 0.512513 0.082883 0.098908 0.927282 0.075447 0.170927 0.49798 0.235332 0.571524 0.494241 0.166559 0.903778 0.535176 0.385652 0.189359 0.583459 0.161864 0.844567 0.651652 0.389889 0.342134 0.499499 0.272748 0.865816 0.408245 0.268351 0.100062 0.335866 0.033226 0.344567 > * X]
 +       0.3481 * <0.917836 0.673827 0.615421 0.495224 0.680464 0.502018 0.497497 0.279491 0.076976 0.5 0.03768 0.503759 0.683838 0.653629 0.142825 0.514271 0.583279 0.502771 0.465327 0.500104 0.568407 0.517794 0.597034 0.602113 0.999499 0.559763 0.250025 0.499499 0.045607 0.706633 0.552036 0.561098 0.466612 0.572442 0.266551 0.485915 > * X]
 -       1      * <0.882766 0.521661 0.538553 0.485671 0.569426 0.151867 0.364364 0.344979 0.186807 0.528586 0.113214 0.498246 0.540909 0.366145 0.371346 0.335003 0.249946 0.617632 0.535176 0.457184 0.331461 0.492732 0.290042 0.332495 0.989489 0.459067 0.144715 0.500501 0.500112 0.492347 0.335344 0.048791 0.533388 0.710233 0.566576 0.69165 > * X]
 -       0.0077 * <0.885271 0.5 0.461447 0.498743 0.847131 0.156408 0.266767 0.423622 0.208825 0.689067 0.132054 0.503759 0.584848 0.523033 0.22852 0.632949 0.416721 0.844836 0.498492 0.357247 0.463153 0.070677 0.441102 0.129779 0.497998 0.540933 0.184218 0.507515 0.136374 0.492347 0.435897 0.463516 0.433326 0.50152 0.53335 0.778169 > * X]
 -       0.031  * <0.22495 0.673827 0.88446 0.429361 0.777705 0.497982 0.716216 0.554597 0.296723 0.383149 0.169821 0.503258 0.346465 0.705997 0.11426 0.030546 0.666667 0.629219 0.688442 0.771304 0.489425 0.561905 0.634322 0.515594 0.501001 0.685428 0.184218 0.810621 0.272748 0.311735 0.452489 0.390329 0.333265 0.04002 0.46665 0.369215 > * X]
 +       1      * <0 0.587003 0.692289 0.213172 0.680464 0.673058 0.506507 0.414852 0.197816 0.537111 0.075447 0.401504 0.695455 0.581704 0.17139 0.50025 0.500108 0.499244 0.498995 0.585735 0.46844 0.029073 0.525212 0.480382 0.638138 0.603766 0.19732 0.130762 0.272748 0.485204 0.713424 0.170769 0.566674 0.47771 0.39995 0.636821 > * X]
 -       0.6792 * <0.642786 0.325994 0.153974 0.500754 0.236093 0.301715 0.206707 0.122204 0.164875 0.424774 0.075447 0.096241 0.390909 0.150369 0.685784 0.504757 0.083387 0.654912 0.498492 0.100145 0.110542 0.499248 0.097034 0.368209 0.446446 0.220221 0.315732 0.438377 0.727476 0.409184 0.041227 0.390329 0.133347 0.87234 0.099926 0.478873 > * X]
 -       0.6304 * <0.42485 0.152166 0.153974 0.434892 0.236093 0.325933 0.40991 0.052332 0.087899 0.494985 0.075447 0.035088 0.435859 0.084963 0.800045 0.828743 0.083387 0.582872 0.303518 0.100145 0.06312 0.511278 0.053814 0.788229 0.467467 0.144699 0.28943 0.499499 0.363738 0.435714 0.551031 0.121978 0.066571 0.866261 0.099926 0.341046 > * X]
 +       1      * <0.514529 0.369495 0.192408 0.205128 0.486202 0.484359 0.500501 0.26195 0.186807 0.673521 0.094287 0.06416 0.718182 0.254889 0.485829 0.50025 0.166559 0.506801 0.478894 0.185776 0.199934 0.676692 0.193008 0.501509 0.126126 0.188702 0.092109 0.495992 0 0.465306 0.478632 0 0.633244 0.659068 0.766675 0.4834 > * X]
 -       0.1564 * <0.755511 0.521661 0.307711 0.327803 0.722076 0.693744 0.500501 0.406081 0.175884 0.374624 0.150894 0.459148 0.40404 0.43807 0.314216 0.38007 0.333333 0.725945 0.484422 0.314327 0.352611 0.827068 0.356144 0.767103 0.506006 0.169873 0.052606 0.658818 0.181981 0.47602 0.590749 0.073187 0.700021 0.737082 0.766675 0.502012 > * X]
 +       1      * <0.705912 0.260831 0.11554 0.372046 0.361148 0.650353 0.886386 0.082883 0.087899 0.506018 0.056607 0.494236 0.494444 0.052369 0.857175 0.325488 0 0.461965 0.498492 0.142857 0.052545 0.636591 0.033475 0.212274 0.615616 0.138354 0.184218 0.499499 0.045607 0.015816 0.730015 0.43912 0.333265 0.441236 0.300025 0.323441 > * X]
 -       0.2007 * <0.42986 0.47816 0.615421 0.4364 0.722076 0.954591 0.13013 0.388686 0.164875 0.520562 0.150894 0.84812 0.772727 0.431551 0.314216 0.50025 0.333333 0.627204 0.49397 0.514203 0.368308 0.598496 0.352542 0.523139 0.896396 0.389889 0.065806 0.505511 0.09099 0.495408 0.500754 0 0.733306 0.515198 0.833375 0.410463 > * X]
 -       0.3499 * <0.735972 0.304332 0.153974 0.668678 0.277705 0.440464 0.517518 0.122204 0.109917 0.602307 0.075447 0.390476 0.481818 0.104737 0.742915 0.506259 0.083387 0.75063 0.491457 0.157164 0.126239 0.604511 0.070763 0.492455 0.615115 0.144699 0.157915 0.513026 0.045607 0.539286 0.520362 0.341538 0.333265 0.523303 0.366725 0.503521 > * X]
 -       0.0235 * <0.440381 0.47816 0.922894 0.472097 0.888743 0.781029 0.47998 0.541441 0.296723 0.944333 0.150894 0.541855 0.476263 0.653629 0.142825 0.128693 0.583279 0.502267 0.507538 0.814224 0.494712 0.834586 0.582627 0.755533 0.734735 0.716946 0.19732 0.168838 0 0.580612 0.500251 0.097582 0.333265 0.472644 0.39995 0.349598 > * X]
 -       0.6475 * <0.287575 0.412997 0.499881 0.691302 0.541612 0.814834 0.502002 0.314428 0.186807 0.831996 0.113214 0.137845 0.487374 0.326814 0.428476 0.50025 0.249946 0.501763 0.498995 0.442878 0.278916 0.499749 0.254025 0.538229 0.501502 0.433893 0.105211 0.813126 0.09099 0.487245 0.501257 0.243956 0.499897 0.107903 0.566576 0.506036 > * X]
 +       0.7391 * <0.499499 0.391335 0.346145 0.36903 0.611038 0.464178 0.444945 0.458559 0.307732 0.498997 0.075447 0.72381 0.49899 0.385702 0.342781 0.453681 0.249946 0.521411 0.346734 0.285714 0.310476 0.497243 0.313983 0.402414 0.550551 0.327057 0.131613 0.487976 0.136374 0.495918 0.453494 0.292747 0.666735 0.515704 0.666749 0.148893 > * X]
 +       1      * <0.459419 0.260831 0.230842 0.495224 0.388962 0.915237 0.500501 0.065488 0.054958 0.704614 0.056607 0.528321 0.562626 0.104737 0.77148 0.570856 0.083387 0.506801 0.497487 0.242795 0.094679 0.144862 0.06822 0.422032 0.478979 0.207532 0.210521 0.100701 0.363738 0.491837 0.746606 0.195164 0.199918 0.109422 0.200099 0.516097 > * X]
 -       1      * <0.448898 0.434837 0.230842 0.59628 0.319536 0.433401 0.630631 0.183453 0.120926 0.117352 0.094287 0.500752 0.610101 0.104737 0.742915 0.674011 0.083387 0.491184 0.515578 0.228696 0.099967 0.058145 0.074364 0.181087 0.474474 0.308228 0.052606 0.447395 0.409121 0.492857 0.144294 0.170769 0.733306 0.325735 0.766675 0.5 > * X]
 -       0.0562 * <0.465932 0.260831 0 0.290096 0 0.373865 0.766266 0.047946 0.109917 0.175527 0.01884 0.003008 0.206061 0 1 1 0 0.685642 0.493467 0.014306 0 0.783459 0 0.519115 0.839339 0.113181 0.355236 0.173848 0.545495 0.506122 0.366516 0.512307 0.166632 0.265957 0.0667 0.502012 > * X]
 -       1      * <0.846192 0.325994 0.461447 0.498743 0.583224 0.497982 0.535035 0.222774 0.098908 0.509529 0.113214 0.486216 0.713636 0.274663 0.485829 0.50025 0.166559 0.584383 0.501005 0.442878 0.263054 0.500752 0.207415 0.476358 0.923924 0.383545 0.131613 0.319138 0.136374 0.484694 0.474108 0 0.400041 0.514691 0.39995 0.5 > * X]
 +       0.6    * <0.462926 0.304332 0.153974 0.525892 0.166667 0.940464 0.505005 0.052332 0.076976 0.468405 0.075447 0.915789 0.49697 0.019774 0.914305 0.500751 0 0.020151 0.41407 0.114244 0.026272 0.496742 0.014407 0.094064 0.466466 0.220221 0.19732 0.799098 0.500112 0.495408 0.173957 0.536702 0.333265 0.551672 0.300025 0.139839 > * X]
 -       1      * <0.497495 0.412997 0.346145 0.520865 0.40276 0.355197 0.061562 0.214004 0.120926 0.505015 0.113214 0.653133 0.165152 0.183181 0.628654 0.534802 0.083387 0.79194 0.436683 0.285714 0.184071 0.950877 0.127119 0.637324 0.390891 0.264224 0.065806 0.863226 0.454728 0.492347 0.500251 0.512307 0.766591 0.50304 0.833375 0.437123 > * X]
 -       0.772  * <0.520541 0.325994 0.230842 0.279537 0.666667 0.660444 0.442943 0.393071 0.241765 0.502006 0.113214 0.501253 0.518687 0.366145 0.399911 0.557336 0.249946 0.606045 0.596482 0.214389 0.36302 0.070175 0.278178 0.507545 0.622623 0.264224 0.19732 0.242485 0.136374 0.415306 0.889894 0.536702 0.333265 0.608409 0.366725 0.291247 > * X]
 -       0.3164 * <0.788577 0.760831 0.615421 0.257416 0.874945 0.488396 0.502002 0.419237 0.164875 0.312437 0.150894 0.891228 0.499495 0.614515 0.17139 0.951928 0.500108 0.4267 0.493467 0.528509 0.51041 0.509273 0.540678 0.022133 0.35035 0.666598 0.171018 0.499499 0.272748 0.445408 0.657617 0.390329 0.433326 0.496454 0.566576 0.469819 > * X]
 +       0.8505 * <0.997996 0.739169 0.922894 0.419809 0.860929 0.552472 0.508008 0.349364 0.087899 0.507021 0.094287 0.499749 0.275758 0.797479 0.05713 0.716575 0.750054 0.406549 0.734171 0.757205 0.594679 0.498747 0.764831 0.942656 0.499499 0.754605 0.236824 0.499499 0.318355 0.306122 0.229261 0.268351 0.36655 0.592705 0.200099 0.173038 > * X]
 +       1      * <0.479459 0.434837 0.153974 0.505279 0.458388 0.493441 0.099099 0.305657 0.230756 0.706118 0.094287 0.499248 0.498485 0.254889 0.485829 0.550826 0.166559 0.330982 0.562814 0.185776 0.236781 0.499248 0.195339 0.651911 0.5 0.163528 0.118412 0.498497 0.045607 0.22602 0.483157 0.536702 0.666735 0.553698 0.799901 0.522636 > * X]
 +       1      * <0.500501 0.47816 0.384579 0.498743 0.430574 0.46115 0.561061 0.24017 0.186807 0.49348 0.075447 0.269173 0.378788 0.215776 0.542959 0.662494 0.166559 0.511335 0.505528 0.328634 0.205221 0.44812 0.165466 0.484406 0.646146 0.389889 0.105211 0.529559 0.363738 0.581633 0.484163 0.097582 0.633244 0.277102 0.633275 0.103119 > * X]
 -       1      * <0.54008 0.369495 0.307711 0.501257 0.527814 0.502018 0.516016 0.179067 0.087899 0.67001 0.094287 0.681704 0.537879 0.169926 0.628654 0.49975 0.083387 0.702771 0.925628 0.285714 0.163087 0.634085 0.119915 0.482394 0.832833 0.308228 0.105211 0.557615 0 0.355612 0.381096 0.024396 0.533388 0.555724 0.53335 0.625755 > * X]
 +       0.4291 * <0.591182 0.282671 0.153974 0.280543 0.40276 0.48335 0.853353 0.200848 0.175884 0.498495 0.113214 0.652632 0.590404 0.169926 0.628654 0.496745 0.083387 0.50529 0.601005 0.228696 0.173662 0.502757 0.119915 0.503018 0.515015 0.094351 0.157915 0.518537 0.045607 0.539286 0.500251 0.146373 0.433326 0.944276 0.46665 0.561871 > * X]
 +       0.6618 * <0.266533 0.304332 0.346145 0.7818 0.5 0.497982 0.500501 0.24017 0.197816 0.794885 0.056607 0.493233 0.497475 0.281182 0.457041 0.365048 0.166559 0.48262 0.002513 0.285714 0.284204 0.503759 0.213347 0.423038 0.751752 0.301883 0.223722 0.59519 0.272748 0.35 0.508798 0.292747 0.433326 0.231003 0.39995 0.563883 > * X]
 -       1      * <0.500501 0.282671 0.269276 0.716943 0.305519 0.497982 0.453453 0.157141 0.164875 0.466399 0.094287 0.631078 0.49798 0.24837 0.542959 0.427641 0.166559 0.759698 0.498492 0.214389 0.184071 0.454135 0.175 0.534205 0.3999 0.402579 0.30263 0.638778 0.09099 0.252551 0.486677 0.073187 0.133347 0.50304 0.133399 0.27666 > * X]
 -       1      * <0.503507 0.5 0.153974 0.485671 0.472186 0.541877 0.186687 0.36252 0.230756 0.09328 0.113214 0.409524 0.614646 0.307258 0.457041 0.488733 0.249946 0.501763 0.474874 0.228696 0.278916 0.499248 0.232627 0.190644 0.790791 0.157184 0.131613 0.455912 0.136374 0.368878 0.021116 0.390329 0.466612 0.662614 0.53335 0.323441 > * X]
 +       0.0715 * <0.843687 0.260831 0.077106 0.484163 0.09724 0.498486 0.562563 0.026166 0.087899 0.792377 0.01884 0.188471 0.298485 0.032812 0.88574 0.532298 0 0.121411 0.497487 0.057226 0.03156 0.401504 0.022669 0.552314 0.13964 0.188702 0.394739 0.364729 0.227364 0.40102 0.488185 0.21956 0.133347 0.51925 0.099926 0.476358 > * X]
 +       0.3234 * <0.503006 0.260831 0.346145 0.848668 0.263907 0.039859 0.797798 0.122204 0.120926 0.145938 0.094287 0.498246 0.500505 0.241851 0.571524 0.278918 0.166559 0.442317 0.482915 0.371553 0.189359 0.881704 0.162924 0.479376 0.674174 0.396234 0.315732 0.894289 0.363738 0.735204 0.216692 0.097582 0.100062 0.388045 0.033226 0.999497 > * X]
 +       0.2795 * <0.500501 0.5 0.499881 0.420814 0.416776 0.789102 0.506507 0.393071 0.252774 0.637412 0.075447 0.329825 0.49798 0.359626 0.371346 0.550826 0.249946 0.504786 0.49196 0.428571 0.278916 0.503258 0.291314 0.212274 0.592593 0.389889 0.131613 0.538577 0.772859 0.492347 0.853193 0.243956 0.800082 0.50304 0.733201 0.735412 > * X]
 -       0.2131 * <0.308116 0.347834 0.11554 0.49824 0.40276 0.495964 0.705205 0.253326 0.175884 0.498997 0.075447 0.81203 0.05303 0.183181 0.628654 0.50025 0.083387 0.803526 0.456784 0.185776 0.178949 0.746366 0.128178 0.598089 0.493994 0.107041 0.092109 0.499499 0.045607 0.361735 0.712418 0.926813 0.566674 0.644883 0.766675 0.476861 > * X]
 +       0.46   * <0.274048 0.434837 0.461447 0.424837 0.638852 0.471746 0.172673 0.423622 0.241765 0.498495 0.094287 0.931328 0.276768 0.470665 0.257085 0.50025 0.416721 0.407557 0.479899 0.385652 0.384171 0.530326 0.406356 0.503018 0.625626 0.465411 0.171018 0.531563 0 0.092857 0.501257 0.097582 0.599959 0.925532 0.53335 0.676559 > * X]
 -       0.9409 * <0.774549 0.260831 0.192408 0.382102 0.319536 0.497982 0.457457 0.11358 0.087899 0.498495 0.094287 0.307769 0.163131 0.065406 0.82861 0.829244 0 0.344081 0.498492 0.17147 0.036847 0.499248 0.041949 0.001509 0.515015 0.220221 0.065806 0.480461 0.909233 0.507653 0.265963 0.195164 0.633244 0.325735 0.666749 0.502012 > * X]
 +       1      * <0.503507 0.239169 0.153974 0.303167 0.180683 0.442987 0.505005 0.074258 0.131848 0.577733 0.056607 0.225063 0.497475 0.071925 0.82861 0.493741 0 0.703275 0.496985 0.100145 0.057832 0.238095 0.04428 0.899396 0.233734 0.151044 0.30263 0.488978 0.318355 0.492857 0.497235 0.024396 0.100062 0.507092 0.0667 0.445674 > * X]
 +       1      * <0.455411 0.521661 0.538553 0.557567 0.666667 0.462159 0.534034 0.344979 0.142857 0.381143 0.094287 0.499248 0.49899 0.555628 0.199955 0.51327 0.500108 0.502267 0.520603 0.428571 0.442003 0.538346 0.493856 0.370724 0.502002 0.578592 0.19732 0.529559 0.363738 0.169388 0.497235 0 0.533388 0.485816 0.333251 0.6167 > * X]
 +       0.1836 * <0.481964 0.282671 0.346145 0.709402 0.347131 0.150858 0.622122 0.039322 0.033027 0.561184 0.113214 0.514286 0.642929 0.261408 0.542959 0.531297 0.166559 0.394962 0.844724 0.328634 0.205221 0.020551 0.177331 0.387827 0.540541 0.389889 0.342134 0.563627 0.181981 0.492347 0.626948 0.390329 0.100062 0.591185 0.0667 0 > * X]
 -       0.2271 * <0.538577 0.304332 0.461447 0.499246 0.513798 0.310293 0.417417 0.214004 0.131848 0.727182 0.094287 0.498246 0.496465 0.274663 0.514394 0.212819 0.166559 0.592947 0.50201 0.385652 0.268341 0.746366 0.198941 0.501509 0.950951 0.396234 0.210521 0.508016 0.681869 0.558673 0.417798 0.341538 0.266694 0.47619 0.266551 0.774648 > * X]
 +       0.7887 * <0.428357 0.717329 0.807592 0.49824 0.90276 0.465187 0.498498 0.26195 0.011009 0.578736 0.056607 0.862657 0.774242 0.882442 0.028565 0.365548 0.833441 0.545592 0.659799 0.671366 0.731494 0.498747 0.847669 0.923541 0.049049 0.842612 0.328933 0.538577 0.545495 0.467347 0.512318 0.024396 0.166632 0.346505 0.033226 0.487928 > * X]
 +       0.1891 * <0.567134 0.239169 0.153974 0.381599 0.416776 0.496973 0.491992 0.179067 0.164875 0.444333 0.132054 0.498747 0.575253 0.156888 0.628654 0.275413 0.083387 0.35466 0.870352 0.228696 0.152512 0.283709 0.115042 0.501006 0.505506 0.195047 0.118412 0.354208 0.500112 0.704082 0.537959 0.21956 0.599959 0.527356 0.699975 0.292757 > * X]
 +       1      * <0.467435 0.152166 0.461447 0.502262 0.430574 0.478305 0.981481 0.104809 0.098908 0.316449 0.094287 0.680201 0.50202 0.254889 0.542959 0.643465 0.166559 0.751134 0.494472 0.414265 0.215796 0.413033 0.183475 0.4834 0.267768 0.421408 0.263127 0.499499 0.136374 0.681122 0.495726 0.390329 0.166632 0.401216 0.200099 0.005533 > * X]
 -       1      * <0.481964 0.347834 0.192408 0.398693 0.527814 0.504541 0.515015 0.214004 0.153866 0.498997 0.094287 0.382957 0.29798 0.222295 0.571524 0.521282 0.166559 0.488161 0.426131 0.128551 0.189359 0.384461 0.15572 0.256036 0.541542 0.207532 0.131613 0.533567 0 0.347959 0.249874 0.21956 0.36655 0.481763 0.433424 0.314386 > * X]
 +       0.4034 * <0.77505 0.543502 0.499881 0.463047 0.666667 0.16448 0.080581 0.379915 0.175884 0.472919 0.075447 0.529323 0.123737 0.523033 0.22852 0.712569 0.416721 0.389924 0.509045 0.414265 0.44729 0.512281 0.454449 0.492958 0.873373 0.408719 0.184218 0.151804 0.09099 0.167347 0.301156 0.634067 0.599959 0.5846 0.53335 0.497988 > * X]
 +       0.2722 * <0.498497 0.369495 0.307711 0.489693 0.305519 0.775479 0.351852 0.187838 0.142857 0.405216 0.075447 0.620551 0.519697 0.104737 0.742915 0.535804 0.083387 0.938539 0.736683 0.328634 0.099967 0.878195 0.074364 0.498994 0.496496 0.301883 0.026303 0.5 0.591102 0.445918 0.078431 0.097582 0.833368 0.504559 0.900074 0.465795 > * X]
 -       0.6104 * <0.5 0.543502 0.461447 0.599296 0.5 0.828961 0.64965 0.270721 0.142857 0.497994 0.094287 0.732331 0.960606 0.29422 0.457041 0.50025 0.249946 0.537531 0.48191 0.428571 0.284204 0.451128 0.224153 0.493964 0.525526 0.484241 0.131613 0.495491 0.591102 0.491327 0.587733 0.243956 0.466612 0.438703 0.499876 0.620221 > * X]
 -       1      * <0.501503 0.347834 0.461447 0.156863 0.513798 0.4889 0.788789 0.366759 0.186807 0.501505 0.132054 0.615038 0.396465 0.320296 0.428476 0.721082 0.249946 0.662469 0.549246 0.471491 0.315763 0.388471 0.247034 0.268612 0.282783 0.408719 0.092109 0.517535 0.181981 0.492347 0.527401 0.048791 0.599959 0.967579 0.666749 0.498994 > * X]
 -       0.5026 * <0.5 0.130326 0.269276 0.547511 0.555629 0.522704 0.501502 0.12659 0.087899 0.498997 0.094287 0.966917 0.659091 0.228814 0.600089 0.517276 0.166559 0.502771 0.322111 0.242795 0.220919 0.520802 0.152119 0.063883 0.748749 0.220221 0.223722 0.390281 0.363738 0.713265 0.369532 0.731649 0.166632 0.539514 0.39995 0.480885 > * X]
 +       0.6228 * <0.505511 0.217329 0.423013 0.469583 0.416776 0.107467 0.96046 0.270721 0.241765 0.541123 0.056607 0.079699 0.495455 0.202738 0.571524 0.824737 0.083387 0.898237 0.655779 0.357247 0.189359 0.680702 0.146186 0.84004 0.528529 0.383545 0.131613 0.518036 0.318355 0.493878 0.904475 0.146373 0.400041 0.421986 0.39995 0.746479 > * X]
 -       0.598  * <0.501002 0.217329 0.11554 0.496732 0.194481 0.403633 0.906406 0.065488 0.109917 0.452859 0.075447 0.299248 0.783333 0.104737 0.77148 0.480721 0.083387 0.434761 0.9 0.100145 0.068407 0.207018 0.064619 0.104125 0.482482 0.188702 0.30263 0.499499 0.272748 0.492347 0.505279 0.073187 0.100062 0.691996 0.0667 0.458249 > * X]
 -       0.3905 * <0.26002 0.412997 0.730724 0.727501 0.736093 0.495964 0.528529 0.436632 0.219834 0.498997 0.132054 0.530827 0.35303 0.503259 0.257085 0.176264 0.416721 0.488665 0.271357 0.614348 0.442003 0.57995 0.422034 0.501006 0.479479 0.823782 0.171018 0.492485 0.09099 0.32602 0.391654 0.121978 0.400041 0.492401 0.46665 0.134306 > * X]
 -       1      * <0.485972 0.434837 0.461447 0.405732 0.569426 0.541372 0.805806 0.318813 0.186807 0.497994 0.094287 0.973434 0.794949 0.313777 0.428476 0.718578 0.249946 0.502771 0.498492 0.414265 0.263054 0.741855 0.238559 0.506036 0.501001 0.49693 0.144715 0.369739 0.500112 0.494388 0.864756 0.268351 0.533388 0.39463 0.60005 0.350101 > * X]
 -       0.1102 * <0.763026 0.565163 0.576987 0.381096 0.888743 0.500505 0.150651 0.401696 0.175884 0.5 0.150894 0.498246 0.486869 0.581704 0.199955 0.475714 0.500108 0.396474 0.957789 0.485797 0.47885 0.034586 0.503602 0.296781 0.500501 0.566107 0.184218 0.5 0.363738 0.309694 0.562594 0.097582 0.400041 0.716819 0.53335 0.502012 > * X]
 -       0.9586 * <0.738477 0.347834 0.346145 0.465561 0.555629 0.639758 0.811812 0.205233 0.164875 0.106319 0.075447 0.571429 0.900505 0.209257 0.571524 0.503756 0.166559 0.393451 0.669347 0.300021 0.189359 0.584461 0.148517 0.623742 0.5 0.383545 0.19732 0.522044 0.772859 0.534694 0.434389 0.317142 0.299979 0.594732 0.266551 0.412475 > * X]
 -       0.0546 * <0.94489 0.47816 0.346145 0.496229 0.777705 0.491927 0.340841 0.406081 0.197816 0.600301 0.132054 0.43208 0.441414 0.431551 0.314216 0.76014 0.333333 0.502267 0.478392 0.328634 0.36302 0.500251 0.347669 0.640342 0.493994 0.251535 0.105211 0.521042 0.045607 0.484694 0.622926 0.707253 0.566674 0.509119 0.633275 0.354628 > * X]
 -       0.3106 * <0.500501 0.347834 0.307711 0.502765 0.486202 0.542381 0.5 0.170297 0.098908 0.919258 0.094287 0.163409 0.810101 0.222295 0.571524 0.599399 0.166559 0.500252 0.501005 0.271408 0.210509 0.277694 0.159322 0.275654 0.35035 0.295538 0.223722 0.397796 0.818243 0.37551 0.535948 0.121978 0.266694 0.50152 0.233325 0.651911 > * X]
 -       0.3044 * <0.107715 0.630505 0.807592 0.532428 0.833333 0.089808 0.506507 0.257711 0.065967 0.440822 0.150894 0.411028 0.620202 0.660148 0.142825 0.932399 0.583279 0.506801 0.239698 0.785611 0.46844 0.61203 0.581568 0.383803 0.832332 0.578592 0.223722 0.51002 0.545495 0.495408 0.869281 0.658462 0.36655 0.444782 0.46665 0.511569 > * X]
 -       0.2396 * <0.559619 0.325994 0.153974 0.537456 0.319536 0.084258 0.062062 0.11358 0.120926 0.637412 0.056607 0.053133 0.329798 0.084963 0.800045 0.501753 0.083387 0.505793 0.795477 0.17147 0.057832 0.500251 0.055085 0.515594 0.557057 0.226361 0.19732 0.499499 0.636486 0.254592 0.501257 0.487911 0.266694 0.467072 0.233325 0.564889 > * X]
 +       0.8782 * <0.709419 0.217329 0.346145 0.769231 0.430574 0.578204 0.936436 0.209618 0.186807 0.639418 0.094287 0.494737 0.567172 0.241851 0.542959 0.881322 0.166559 0.51738 0.535176 0.34294 0.220919 0.499248 0.176271 0.024648 0.534535 0.308228 0.19732 0.934369 0.09099 0.492347 0.562594 0.048791 0.266694 0.369807 0.300025 0.526157 > * X]
 -       0.4442 * <0.78507 0.521661 0.153974 0.383107 0.527814 0.476287 0.28028 0.336208 0.164875 0.503511 0.113214 0.524812 0.505051 0.320296 0.428476 0.409614 0.249946 0.503778 0.060804 0.185776 0.273629 0.505263 0.245763 0.767103 0.402903 0.050348 0.039503 0.746994 0.09099 0.492347 0.558572 0.682858 0.899938 0.213273 1 0.602113 > * X]
 +       0.7587 * <0.889279 0.217329 0.307711 0.785822 0.416776 0.536831 0.486486 0.222774 0.197816 0.517051 0.094287 0.497744 0.512626 0.209257 0.571524 0.498748 0.166559 0.502267 0.495477 0.328634 0.199934 0.44411 0.149788 0.504527 0.504004 0.23905 0.157915 0.48497 0.181981 0.458673 0.496732 0.292747 0.400041 0.208207 0.46665 0.584507 > * X]
 -       0.939  * <0.607214 0.282671 0.423013 0.538462 0.513798 0.929869 0.5 0.222774 0.142857 0.452859 0.094287 0.310777 0.594949 0.261408 0.514394 0.764146 0.166559 0.495214 0.546231 0.328634 0.231494 0.124311 0.193008 0.65996 0.202703 0.327057 0.171018 0.778056 0.409121 0.69898 0.526395 0 0.36655 0.311044 0.366725 0.076962 > * X]
 +       1      * <0.458918 0.391335 0.346145 0.547009 0.569426 0.539859 0.319319 0.388686 0.241765 0.34654 0.056607 0.597995 0.658586 0.372664 0.342781 0.145719 0.249946 0.506297 0.498492 0.271408 0.284204 0.499248 0.299788 0.32495 0.879379 0.295538 0.118412 1 0.136374 0.49949 0.182504 0.561098 0.733306 0.502026 0.766675 0.529175 > * X]
 +       1      * <0.501503 0.260831 0.077106 0.472599 0.333333 0.92331 0.490991 0.109195 0.109917 0.53661 0.075447 0.478195 0.492424 0.026293 0.88574 0.861793 0 0.617128 0.503518 0.100145 0.04197 0.290727 0.019068 0.487928 0.479479 0.088007 0.078908 0.497495 0.045607 0.412755 0.154349 0.561098 0.666735 0.544073 0.733201 0.617203 > * X]
 -       1      * <0.504008 0.152166 0.038671 0.518351 0.027814 0.519677 0.88989 0.026166 0.109917 0.476931 0.01884 0.245113 0.506061 0.013038 0.94287 0.527792 0 0.92796 0.61206 0.014306 0.005122 0.500752 0.008263 0.001006 0.498498 0.075522 0.368437 0.513527 0.181981 0.515816 0.278029 0.170769 0.100062 0.438197 0.0667 0.502012 > * X]
 -       1      * <0.031563 0.347834 0.269276 0.60734 0.40276 0.350151 0.000501 0.187838 0.120926 0.504012 0.075447 0.497744 0.468182 0.130813 0.685784 0.50025 0.083387 0.476574 0.498492 0.271408 0.131527 0.397494 0.091102 0.481891 0.561061 0.264224 0.026303 0.990481 0.727476 0.656633 0.508798 0.146373 0.899938 0.507599 0.9333 0.389839 > * X]
 +       0.6758 * <0.491984 0.152166 0.423013 0.093514 0.388962 0.497982 0.5 0.069873 0.065967 0.299398 0.113214 0.4401 0.242424 0.254889 0.542959 0.495744 0.166559 0.502267 0.269347 0.399959 0.210509 0.504762 0.178602 0.480885 0.291792 0.509415 0.276327 0.799599 0.181981 0.212245 0.567119 0.390329 0.133347 0.2077 0.133399 0.565895 > * X]
 +       0.102  * <0.455411 0.304332 0.230842 0.778783 0.472186 0.523713 0.500501 0.266335 0.208825 0.499498 0.075447 0.488722 0.353535 0.215776 0.542959 0.776665 0.166559 0.995466 0.774372 0.228696 0.226206 0.878697 0.160593 0.501509 0.244244 0.188702 0.144715 0.535571 0.136374 0.144898 0.099548 0.512307 0.633244 0.50304 0.633275 0.564386 > * X]
 -       0.4123 * <0.496493 0.434837 0.038671 0.37456 0.361148 0.713925 0.501502 0.157141 0.098908 0.673019 0.094287 0.752381 0.49798 0.117775 0.714349 0.520781 0.083387 0.416121 0.516583 0.028613 0.110542 0.134837 0.080297 0.501509 0.791291 0.031519 0.039503 0.770541 0.227364 0.492347 0.491704 0.707253 0.833368 0.558257 0.866601 0.624245 > * X]
 +       0.0058 * <0.65982 0.282671 0.346145 0.915033 0.333333 0.321393 0.293794 0.078643 0.076976 0.506018 0.075447 0.500251 0.492929 0.235332 0.571524 0.651477 0.166559 0.695214 0.415578 0.357247 0.210509 0.972431 0.161864 0.417002 0.578579 0.389889 0.368437 0.544589 0.045607 0.617857 0.968326 0.073187 0.100062 0.944276 0.033226 0.491449 > * X]
 -       1      * <0.519539 0.347834 0.423013 0.600302 0.583224 0.889001 0.466967 0.139746 0.076976 0.546138 0.075447 0.500752 0.733838 0.241851 0.542959 0.471207 0.166559 0.393955 0.498492 0.371553 0.210509 0.340351 0.177331 0.501509 0.203704 0.37106 0.118412 0.474449 0.454728 0.486224 0.499749 0.341538 0.400041 0.524316 0.39995 0.05835 > * X]
 +       0.1178 * <0.496493 0.521661 0.538553 0.495726 0.65265 0.512614 0.046046 0.26195 0.186807 0.703109 0.132054 0.480702 0.458586 0.287701 0.485829 0.718578 0.249946 0.232746 0.718593 0.442878 0.226206 0.417043 0.209746 0.519618 0.684685 0.459067 0.118412 0.539078 0.045607 0.345918 0.584716 0.317142 0.533388 0.123607 0.699975 0.347586 > * X]
 +       0.3679 * <0.794589 0.347834 0.461447 0.482152 0.625055 0.497477 0.863864 0.196463 0.131848 0.505517 0.169821 0.498246 0.49798 0.300739 0.485829 0.304457 0.249946 0.502267 0.498995 0.571429 0.247356 0.906767 0.213347 0.961771 0.502503 0.402579 0.210521 0.371743 0.545495 0.153061 0.501257 0.390329 0.233409 0.517224 0.39995 0.502012 > * X]
 -       1      * <0.497495 0.347834 0.538553 0.48366 0.569426 0.520182 0.989489 0.227014 0.109917 0.440321 0.113214 0.192982 0.498485 0.320296 0.428476 0.336505 0.249946 0.508312 0.459296 0.442878 0.299901 0.652632 0.244492 0.673038 0.543544 0.553418 0.171018 0.499499 0.409121 0.496939 0.500251 0.365933 0.36655 0.497974 0.39995 0.502012 > * X]
 -       0.2539 * <0.490982 0.260831 0.11554 0.441931 0.444371 0.993441 0.431932 0.100424 0.098908 0.905717 0.094287 0.503759 0.141919 0.098001 0.800045 0.516775 0.083387 0.502267 0.640704 0.100145 0.073695 0.498246 0.058686 0.458753 0.500501 0.088007 0.144715 0.51503 0.136374 0.192347 0.343891 0.731649 0.266694 0.061297 0.433424 0.442153 > * X]
 -       0.0013 * <1 0.369495 0.653855 0.50729 0.694481 0.497982 0.352352 0.366759 0.153866 0.498997 0.150894 0.408521 0.498485 0.451108 0.285651 0.841262 0.333333 0.825693 0.447739 0.571429 0.426305 0.906767 0.36928 0.55332 0.456456 0.698117 0.131613 0.723447 0.272748 0.471429 0.528406 0.463516 0.499897 0.502533 0.60005 0.05332 > * X]
 +       0.7259 * <0.526052 0.217329 0.499881 0.566616 0.388962 0 0.823323 0.152755 0.131848 0.498495 0.075447 0.494236 0.84899 0.24837 0.514394 0.505759 0.166559 0.473048 0.104523 0.399959 0.220919 0.573434 0.182203 0.417002 0.592593 0.465411 0.19732 0.46493 0.227364 0.097449 0.504274 0.073187 0.299979 0.54306 0.333251 0.507042 > * X]
 +       0.7204 * <0.480962 0.391335 0.11554 0.688286 0.277705 0.528254 0.500501 0.096039 0.098908 0.629388 0.075447 0.498747 0.480808 0.04585 0.857175 0.500751 0 0.361209 0.659799 0.17147 0.047257 0.165915 0.032203 0.564889 0.497497 0.056693 0.105211 0.378758 0.272748 0.363265 0.589241 0.341538 0.533388 0.072948 0.566576 0.202213 > * X]
 -       0.0306 * <0.461423 0.369495 0.230842 0.512821 0.638852 0.471241 0.289289 0.283877 0.164875 0.295386 0.094287 0.498747 0.514646 0.326814 0.428476 0.465198 0.249946 0.502267 0.243216 0.185776 0.336748 0.835088 0.244492 0.512575 0.501001 0.23905 0.19732 0.511523 0.045607 0.469898 0.499749 0.536702 0.299979 0.027356 0.333251 0.517103 > * X]
 +       0.6523 * <0.57014 0.434837 0.11554 0.878834 0.319536 0.282543 0.482482 0.152755 0.109917 0.497492 0.113214 0.699248 0.176768 0.130813 0.685784 0.50025 0.083387 0.346096 0.639698 0.257101 0.147389 0.534336 0.091102 0.862676 0.820821 0.075522 0.105211 0.517034 0.136374 0.922449 0.47813 0.658462 0.566674 0.527862 0.666749 0.673038 > * X]
 -       1      * <0.428858 0.282671 0.269276 0.522876 0.361148 0.497477 0.5 0.148516 0.131848 0.419759 0.03768 0.924812 0.499495 0.163407 0.657219 0.206309 0.083387 0.435264 0.498492 0.214389 0.168374 0.491729 0.113771 0.343561 0.384384 0.264224 0.19732 0.58517 0.272748 0.551531 0.614882 0.341538 0.333265 0.64691 0.300025 0.493461 > * X]
 -       0.4319 * <0.5 0.260831 0.230842 0.507793 0.513798 0.570636 0.882883 0.205233 0.131848 0.450853 0.113214 0.089223 0.498485 0.24837 0.542959 0.511768 0.166559 0.518388 0.182412 0.228696 0.242069 0.499248 0.176271 0.428571 0.505005 0.151044 0.184218 0.881764 0 0.480612 0.6727 0.390329 0.266694 0.517224 0.39995 0.872736 > * X]
 +       0.941  * <0.564629 0.543502 0.423013 0.590749 0.666667 0.669021 0.5 0.314428 0.219834 0.689569 0.150894 0.8401 0.5 0.300739 0.485829 0.523285 0.249946 0.339043 0.303015 0.442878 0.226206 0.315288 0.21928 0.502515 0.047548 0.283054 0.092109 0.238978 0.636486 0.82551 0.661639 0.21956 0.599959 0.441236 0.699975 0.437123 > * X]
 -       0.9101 * <0.386273 0.673827 0.846026 0.350427 0.90276 0.497477 0.50951 0.519661 0.252774 0.429288 0.150894 0.598496 0.194949 0.725554 0.11426 0.506259 0.666667 0.509824 0.438693 0.842836 0.56312 0.538346 0.662924 0.72334 0.405405 0.685428 0.210521 0.460922 0.636486 0.538265 0.060332 0.268351 0.400041 0.361702 0.499876 0.137324 > * X]
 +       1      * <0.504509 0.260831 0.307711 0.508798 0.361148 0.866297 0.58959 0.222774 0.197816 0.498997 0.377322 0.469173 0.340909 0.241851 0.542959 0.332499 0.166559 0.755668 0.964322 0.300021 0.226206 0.439599 0.175 0.502012 0.56957 0.289398 0.210521 0.566132 0.272748 0.534184 0.252388 0.390329 0.266694 0.400709 0.333251 0.502012 > * X]
 +       0.0174 * <0.609719 0.282671 0.11554 0.27451 0.416776 0.29667 0.5 0.170297 0.153866 0.360582 0.132054 0.737343 0.385354 0.137332 0.685784 0.749124 0.083387 0.444836 0.202513 0.17147 0.120952 0.411529 0.098305 0.501509 0.501001 0.113181 0.092109 0.521543 0.09099 0.69949 0.091503 0.243956 0.599959 0.50304 0.699975 0.47837 > * X]
 +       0.1062 * <0.471443 0.717329 0.922894 0.24183 0.930574 0.526741 0.493994 0.572139 0.219834 0.191073 0.075447 0.500251 0.462626 0.980443 0 0.909865 0.916613 0.336524 0.926131 0.757205 0.815763 0.21604 0.962712 0.823944 0.501001 0.949652 0.355236 0.497996 0.409121 0.49898 0.6727 0.756044 0.133347 0.50152 0.099926 0.502012 > * X]
 +       1      * <0.534068 0.47816 0.384579 0.509804 0.5 0.08224 0.495495 0.165911 0.109917 0.52006 0.150894 0.558897 0.493939 0.254889 0.514394 0.668002 0.166559 0.504786 0.499497 0.442878 0.226206 0.21203 0.185805 0.502012 0.506006 0.314572 0.157915 0.547094 0.09099 0.378571 0.505279 0.561098 0.36655 0.744681 0.633275 0.509557 > * X]
 +       0.5895 * <0.500501 0.456498 0.461447 0.510307 0.444371 0.438951 0.608108 0.327584 0.241765 0.581244 0.075447 0.714286 0.501515 0.287701 0.428476 0.2669 0.166559 0.389421 0.553266 0.371553 0.268341 0.669674 0.226483 0.446177 0.408909 0.515759 0.131613 0.115731 0.227364 0.144898 0.499246 0.121978 0.566674 0.287234 0.566576 0.499497 > * X]
 +       0.6554 * <0.201403 0.347834 0.307711 0.585219 0.611038 0.738143 0.492492 0.161526 0.120926 0.736209 0.132054 0.501754 0.555051 0.241851 0.542959 0.69304 0.166559 0.491184 0.522111 0.385652 0.220919 0.485213 0.175 0.353119 0.341842 0.333402 0.171018 0.499499 0.181981 0.470918 0.190045 0.43912 0.400041 0.431611 0.633275 0.562877 > * X]
 +       0.9956 * <0.193888 0.391335 0.269276 0.122675 0.5 0.497982 0.526026 0.292647 0.219834 0.381143 0.094287 0.825063 0.054545 0.241851 0.514394 0.823235 0.166559 0.506297 0.468342 0.242795 0.205221 0.504762 0.177331 0.077968 0.574575 0.220221 0.118412 0.542084 0.181981 0.492857 0.471594 0.414724 0.533388 0.214792 0.633275 0.632797 > * X]
 +       1      * <0.508016 0.217329 0.499881 0.498743 0.458388 0.529768 0.492492 0.144131 0.131848 0.46339 0.075447 0.519799 0.49798 0.235332 0.542959 0.182774 0.166559 0.506801 0.690955 0.399959 0.194646 0.445113 0.171398 0.913984 0.662663 0.465411 0.210521 0.481463 0.363738 0.492347 0.496732 0 0.299979 0.535968 0.333251 0.509557 > * X]
 +       1      * <0.392786 0.304332 0.11554 0.381599 0.180683 0.404137 0.488488 0.056717 0.120926 0.465898 0.03768 0.704762 0.49899 0.039331 0.88574 0.695543 0 0.414106 0.534171 0.100145 0.04197 0.395489 0.025212 0.894869 0.502002 0.182358 0.342134 0.706914 0.409121 0.614286 0.518854 0.365933 0.133347 0.508105 0.0667 0.508048 > * X]
 +       0.607  * <0.497495 0.391335 0.230842 0.498743 0.583224 0.482846 0.238238 0.26195 0.230756 0.499498 0.150894 0.089223 0.112121 0.202738 0.571524 0.409614 0.166559 0.916373 0.696985 0.271408 0.178949 0.593484 0.148517 0.488934 0.131632 0.308228 0.118412 0.488477 0.591102 0.556122 0.557064 0.21956 0.499897 0.524316 0.666749 0.057847 > * X]
 +       0.6022 * <0.506513 0.456498 0.230842 0.660131 0.486202 0.410696 0.543544 0.349364 0.274792 0.589268 0.113214 0.584962 0.521717 0.281182 0.457041 0.991988 0.166559 0.386902 0.544221 0.214389 0.236781 0.585464 0.216949 0.474346 0.477978 0.226361 0.144715 0.482966 0.181981 0.462755 0.500754 0.121978 0.533388 0.260385 0.633275 0.141851 > * X]
 -       0.2505 * <0.487475 0.152166 0.230842 0.498743 0.277705 0.311302 0.509009 0.078643 0.098908 0.585757 0.075447 0.498747 0.566667 0.176445 0.657219 0.534301 0.083387 0.862972 0.498492 0.185776 0.110542 0.998997 0.116314 0.502012 0.494995 0.207532 0.276327 0.498998 0 0.142347 0.60181 0.121978 0.100062 0.659574 0.166625 0.502012 > * X]
 +       0.6029 * <0.503006 0.652166 0.730724 0.830065 0.874945 0.497982 0.785285 0.288262 0.054958 0.209127 0.094287 0.910276 0.449495 0.810517 0.05713 0.484226 0.750054 0.620655 0.886935 0.600041 0.652512 0.295238 0.757627 0.503018 0.241742 0.886819 0.30263 0.492485 0.136374 0.438265 0.953746 0.561098 0.233409 0.931611 0.099926 0.461268 > * X]
 -       0.2535 * <0.502004 0.195668 0.11554 0.508296 0.152869 0.348638 0.5 0.043707 0.065967 0.957372 0.03768 0.77594 0.498485 0.150369 0.685784 0.747621 0.083387 0.491688 0.390955 0.114244 0.105254 0.615539 0.100636 0.515594 0.559059 0.220221 0.355236 0.630762 0.681869 0.631633 0.246355 0.097582 0.166632 0.412361 0.033226 0.502012 > * X]
 +       0.0442 * <0.797595 0.217329 0.423013 0.585721 0.388962 0.503532 0.600601 0.174682 0.153866 0.498495 0.113214 0.518296 0.497475 0.228814 0.542959 0.297446 0.166559 0.430227 0.501508 0.357247 0.210509 0.506266 0.169068 0.501509 0.418418 0.446582 0.19732 0.949399 0.045607 0.411224 0.49824 0.024396 0.299979 0.503546 0.333251 0.585513 > * X]
 +       1      * <0.479459 0.195668 0.307711 0.557567 0.416776 0.329465 0.500501 0.222774 0.186807 0.110832 0.094287 0.314286 0.473737 0.235332 0.542959 0.491738 0.166559 0.256423 0.483417 0.285714 0.220919 0.492732 0.172669 0.753018 0.500501 0.270364 0.171018 0.503006 0.227364 0.531633 0.500251 0.414724 0.36655 0.50304 0.46665 0.588028 > * X]
 +       0.9649 * <0.497495 0.347834 0.384579 0.498743 0.625055 0.492432 0.477477 0.244555 0.186807 0.525577 0.169821 0.248622 0.574242 0.281182 0.485829 0.624937 0.166559 0.45995 0.21206 0.471491 0.226206 0.499248 0.206144 0.278672 0.173173 0.408719 0.171018 0.548597 0.227364 0.443878 0.020613 0.21956 0.299979 0.497467 0.499876 0.289738 > * X]
 +       0.0714 * <0.339679 0.47816 0.192408 0.87632 0.361148 0.471241 0.559059 0.096039 0.054958 0.116851 0.113214 0.299749 0.49798 0.137332 0.742915 0.619429 0.083387 0.481612 0.492462 0.314327 0.147389 0.461153 0.082627 0.401911 0.497998 0.195047 0.250025 0.547094 0.500112 0.535714 0.546003 0.195164 0.266694 0.532928 0.0667 0.502012 > * X]
 +       0.1992 * <0.278557 0.412997 0.077106 0.530417 0.25011 0.496468 0.00951 0.139746 0.120926 0.472919 0.075447 0.969925 0.50202 0.065406 0.82861 0.268403 0 0.501763 0.5 0.200083 0.06312 0.544361 0.045551 0.967807 0.500501 0.044003 0.065806 0.716934 0.272748 0.323469 0.664153 0.414724 0.700021 0.945795 0.733201 0.243964 > * X]
 +       0.1164 * <0.218437 0.5 0.384579 0.4545 0.583224 0.142281 0.046046 0.24894 0.087899 0.768305 0.056607 0.770426 0.613131 0.483703 0.22852 0.50025 0.416721 0.101763 0.550251 0.328634 0.44729 0.508772 0.419492 0.532193 0.688188 0.333402 0.210521 0.988477 0 0.960204 0.039718 0.146373 0.633244 0.487842 0.499876 0.593561 > * X]
 -       0.0288 * <0.29509 0.456498 0.230842 0.484163 0.680464 0.391019 0.286286 0.393071 0.164875 0.079739 0.132054 0.696742 0.529798 0.392221 0.342781 0.54682 0.333333 0.671033 0.752261 0.242795 0.321051 0.665664 0.311653 0.701207 0.384885 0.075522 0.052606 0.57014 0.181981 0.148469 0.92006 0.561098 0.833368 0.395643 0.9333 0.502012 > * X]
 -       1      * <0.501002 0.282671 0.11554 0.679236 0.361148 0.480827 0.671171 0.104809 0.109917 0.498495 0.113214 0.568922 0.526263 0.124294 0.742915 0.609414 0.083387 0.363224 0.684422 0.128551 0.094679 0.495739 0.081568 0.477364 0.204204 0.188702 0.223722 0.499499 0.227364 0.473469 0.520362 0.658462 0.233409 0.160081 0.200099 0.40996 > * X]
 -       0.0788 * <0.652806 0.347834 0.192408 0.74912 0.555629 0.216448 0.453954 0.283877 0.131848 0.498495 0.094287 0.498747 0.025758 0.320296 0.428476 0.525288 0.249946 0.502267 0.664322 0.185776 0.294613 0.882707 0.245763 0.507042 0.500501 0.176218 0.118412 0.258016 0.227364 0.558163 0.516843 0.365933 0.533388 0.301418 0.53335 0.512072 > * X]
 +       1      * <0.805611 0.347834 0.346145 0.503771 0.625055 0.562563 0.673674 0.174682 0.120926 0.434804 0.150894 0.508271 0.49798 0.261408 0.514394 0.067601 0.166559 0.491184 0.448744 0.371553 0.226206 0.425063 0.193008 0.355634 0.590591 0.327057 0.171018 0.5 0.363738 0.492347 0.500251 0.317142 0.36655 0.514184 0.53335 0.502012 > * X]
 -       0.2835 * <0.805611 0.195668 0.192408 0.724485 0.180683 0.479818 0.5 0.091653 0.131848 0.825476 0.056607 0.45213 0.809596 0.137332 0.714349 0.106159 0.083387 0.568766 0.81407 0.142857 0.115664 0.504261 0.089831 0.539738 0.123624 0.232706 0.368437 0 0 0.805612 0.227753 0 0.033285 0.548126 0.0667 0.347082 > * X]
 +       1      * <0.623246 0.282671 0.153974 0.49824 0.277705 0.449546 0.500501 0.047946 0.076976 0.525075 0.056607 0.44411 0.377778 0.04585 0.857175 0.478217 0 0.513854 0.449749 0.200083 0.057832 0.554887 0.029873 0.503521 0.494995 0.12587 0.171018 0.517535 0.09099 0.67449 0.780794 0.195164 0.333265 0.500507 0.300025 0.659457 > * X]
 +       0.8025 * <0.071643 0.217329 0.269276 0.498743 0.263907 0.498991 0.436937 0.052332 0.065967 0.384152 0.094287 0.498747 0.569192 0.130813 0.742915 0.742614 0.083387 0.439798 0.517085 0.271408 0.078817 0.497243 0.079025 0.496479 0.918919 0.301883 0.328933 0.504509 0.545495 0.491327 0.358974 0.146373 0.033285 0.517224 0.0667 0.3667 > * X]
 -       1      * <0.445892 0.456498 0.384579 0.764203 0.40276 0.347124 0.463964 0.24894 0.131848 0.384152 0.094287 0.521303 0.575758 0.261408 0.485829 0.211317 0.166559 0.594458 0.785427 0.357247 0.236781 0.477694 0.197669 0.557847 0.104104 0.490585 0.105211 0.485471 0.545495 0.463265 0.501257 0.268351 0.566674 0.823708 0.566576 0.729376 > * X]
 -       0.8217 * <0.312625 0.5 0.807592 0.500251 0.888743 0.582745 0.498999 0.310042 0.120926 0.284353 0.150894 0.494737 0.389899 0.673403 0.142825 0.500751 0.583279 0.502267 0.780402 0.814224 0.47885 0.554887 0.597034 0.5 0.358358 0.710602 0.210521 0.497495 0.591102 0.606633 0.204625 0.561098 0.333265 0.504053 0.433424 0.488431 > * X]
 +       0.9371 * <0.729459 0.391335 0.499881 0.623932 0.527814 0.401615 0.426927 0.192077 0.153866 0.27332 0.132054 0.519799 0.422222 0.228814 0.542959 0.498748 0.166559 0.499244 0.954774 0.485797 0.199934 0.705764 0.166525 0.719316 0.526026 0.566107 0.144715 0.595691 0.591102 0.496429 0.500251 0.268351 0.433326 0.895643 0.633275 0.307344 > * X]
 +       0.6038 * <0.488978 0.304332 0.346145 0.279537 0.416776 0.156408 0.454454 0.152755 0.131848 0.554162 0.094287 0.499248 0.498485 0.241851 0.542959 0.436154 0.166559 0.602519 0.800503 0.34294 0.247356 0.803509 0.171398 0.594064 0.4004 0.295538 0.250025 0.687375 0.272748 0.491837 0.534439 0.21956 0.299979 0.153495 0.233325 0.926056 > * X]
 +       0.4079 * <0.546593 0.260831 0.153974 0.249874 0.388962 0.497982 0.942943 0.179067 0.142857 0.531093 0.075447 0.705263 0.565657 0.117775 0.714349 0.003005 0.083387 0.483123 0.50201 0.17147 0.105254 0.496241 0.082627 0.588531 0.063063 0.075522 0.078908 0.461423 0.136374 0.757143 0.367521 0.341538 0.633244 0.682877 0.733201 0.957243 > * X]
 -       0.5888 * <0.312625 0.434837 0.077106 0.850679 0.361148 0.788093 0.47998 0.218389 0.131848 0.736209 0.075447 0.487218 0.493434 0.196219 0.571524 0.482223 0.083387 0.83073 0.436683 0.142857 0.168374 0.710276 0.143856 0.464286 0.508008 0.069177 0.065806 0.035571 0.227364 0.628571 0.723479 0.317142 0.700021 0.51925 0.699975 0.502515 > * X]
 -       0.2285 * <0.505511 0.239169 0.077106 0.192559 0.180683 0.495964 0.543544 0.078643 0.109917 0.498997 0.03768 0.605514 0.297475 0.026293 0.94287 0.504256 0 0.516877 0.722111 0.071532 0.026272 0.500251 0.014407 0.504024 0.996997 0.119525 0.223722 0.520541 0.454728 0.77551 0.502262 0.658462 0.233409 0.502533 0.300025 0.610161 > * X]
 +       1      * <0.495992 0.369495 0.192408 0.494721 0.541612 0.497982 0.50951 0.353749 0.241765 0.14995 0.075447 0.498747 0.386869 0.313777 0.399911 0.50025 0.249946 0.575819 0.49799 0.17147 0.252644 0.45213 0.250636 0.507042 0.900901 0.151044 0.092109 0.66483 0.09099 0.471429 0.608346 0.341538 0.733306 0.56535 0.799901 0.334004 > * X]
 -       0.7769 * <0.500501 0.260831 0.269276 0.07089 0.486202 0.496468 0.272773 0.144131 0.098908 0.032598 0.094287 0.289724 0.259091 0.261408 0.514394 0.649975 0.166559 0.344081 0.494472 0.228696 0.226206 0.405013 0.185805 0.437123 0.435936 0.320712 0.223722 0.023547 0.318355 0.566327 0.513323 0.390329 0.199918 0.783688 0.200099 0.502012 > * X]
 +       0.0638 * <0.186874 0.565163 0.307711 0.504776 0.513798 1 0.499499 0.406081 0.241765 0.707623 0.075447 0.552381 0.890404 0.424815 0.285651 0.922884 0.333333 0.523426 0.498492 0.300021 0.378883 0.498747 0.360805 0.838028 0.763263 0.264224 0.171018 0.583166 0.181981 0.491837 0.468074 0.243956 0.733306 0.472644 0.60005 0.673541 > * X]
 +       0.8872 * <0.500501 0.521661 0.384579 0.482655 0.458388 0.416246 0.254755 0.301272 0.197816 0.488967 0.075447 0.753885 0.429798 0.268144 0.457041 0.336004 0.166559 0.570277 0.396985 0.357247 0.242069 0.500752 0.212076 0.839537 0.494494 0.396234 0.092109 0.672846 0.591102 0.49898 0.162393 0.024396 0.800082 0.829787 0.766675 0.217304 > * X]
 +       1      * <0.165331 0.173827 0.499881 0.676722 0.430574 0.486377 0.481982 0.11358 0.098908 0.810431 0.094287 0.516291 0.127778 0.268144 0.514394 0.375563 0.166559 0.793451 0.430653 0.442878 0.220919 0.492732 0.189407 0.939135 0.486486 0.515759 0.28943 0.627756 0.136374 0.903061 0.800905 0.341538 0.133347 0.437183 0.166625 0.497485 > * X]
 -       0.832  * <0.466433 0.391335 0.384579 0.435395 0.444371 0.575177 0.49049 0.165911 0.098908 0.508526 0.094287 0.496241 0.075253 0.241851 0.542959 0.841262 0.166559 0.442821 0.509045 0.314327 0.199934 0.487719 0.171398 0.450704 0.352853 0.352231 0.171018 0.373246 0.591102 0.992857 0.500251 0.561098 0.333265 0.50304 0.333251 0.496982 > * X]
 +       0.0945 * <0.128257 0.434837 0.307711 0.862242 0.583224 0.497982 0.45996 0.24017 0.175884 0.654965 0.132054 0.159398 0.509596 0.209257 0.571524 0.548322 0.166559 0.544081 0.527638 0.357247 0.157799 0.498747 0.149788 0.886318 0.811812 0.113181 0.052606 0.90982 0.272748 0.441837 0.499749 0.243956 0.766591 0.850557 0.866601 0.502012 > * X]
 +       0.6845 * <0.437375 0.260831 0.461447 0.498743 0.416776 0.871847 0.5 0.11358 0.120926 0.501505 0.113214 0.750877 0.447475 0.254889 0.542959 0.362544 0.166559 0.533501 0.093467 0.399959 0.215796 0.691228 0.179873 0.886318 0.191692 0.490585 0.263127 0.735471 0.09099 0.330102 0.968326 0.121978 0.166632 0.50304 0.166625 0.490946 > * X]
 -       3.3048

Number of support vectors: 228

Number of kernel evaluations: 326409 (96.718% cached)



Time taken to build model: 0.41 seconds


